1 187
1 187
1 173
1 173
1 1
1 357
1 203
1 203
1 820
1 1393
2 2
2 99
2 216
2 216
3 145
3 240
3 3
3 233
3 2139
4 3
4 67
4 616
4 1321
4 2126
5 3
5 136
5 51
5 401
5 413
5 3191
6 31
6 804
6 72
6 3
6 234
7 3
7 239
7 216
7 216
7 234
8 3
8 2287
8 1062
8 1501
9 3
9 410
9 408
9 1690
9 2785
10 1085
10 1726
10 1740
10 4
10 1924
11 187
11 187
11 5
11 71
11 2158
12 1742
12 5
12 1747
12 1978
12 3414
13 5
13 2235
13 2285
13 170
13 2106
14 5
14 5
14 1991
14 1737
14 1768
14 145
14 1538
14 1830
15 5
15 342
15 65
15 1943
15 1808
15 2203
16 2277
16 5
16 48
16 1175
16 1185
17 5
17 440
17 295
17 2253
17 1795
17 1863
18 116
18 6
18 822
18 2056
18 2105
19 7
19 11
19 108
19 210
19 210
19 693
19 1130
19 146
20 8
20 233
20 2392
20 3153
21 246
21 9
21 160
21 203
21 203
22 236
22 772
22 3403
22 108
22 8
23 8
23 8
23 203
23 203
23 1758
24 8
24 91
24 2050
24 2910
24 2288
24 3470
25 8
25 198
25 198
25 225
25 1572
26 1533
26 10
26 12
26 55
26 127
26 233
26 234
26 352
26 2364
27 187
27 187
27 8
27 793
28 556
28 301
28 8
28 11
28 3296
28 2010
29 656
29 516
29 3168
29 11
30 353
30 8
30 210
30 210
30 262
30 146
30 1187
30 205
30 205
31 1738
31 1040
31 1944
31 11
31 2067
32 11
32 210
32 210
32 1387
32 2040
33 1166
33 11
33 98
33 247
33 1077
33 3292
34 1429
34 2293
34 12
34 2612
34 234
35 210
35 216
35 210
35 216
35 2942
35 11
36 967
36 1040
36 11
36 1865
36 2916
37 8
37 216
37 216
37 53
37 53
38 11
38 210
38 216
38 210
38 216
38 1051
39 11
39 64
39 91
39 210
39 210
39 234
40 11
40 849
40 809
40 1929
40 2483
41 3020
41 11
41 433
41 526
41 614
41 1054
41 1163
41 1166
41 1181
41 1471
41 1471
41 1519
41 1793
41 1707
41 1101
42 12
42 2123
42 1358
42 1225
42 2863
42 1501
43 1563
43 2714
43 144
43 12
43 12
43 3346
44 11
44 1109
44 1756
44 97
44 216
44 216
44 2133
44 228
45 11
45 86
45 89
45 540
45 581
46 11
46 210
46 210
46 55
46 3167
47 11
47 136
47 210
47 210
47 234
47 238
48 11
48 3322
48 429
48 774
48 886
49 13
49 330
49 517
49 611
49 696
49 1054
49 1160
49 1231
49 1466
49 3088
49 1348
49 1681
49 783
49 408
49 1131
49 1323
49 2922
49 3405
49 845
49 433
49 1139
49 1678
49 1964
49 2141
49 2563
49 2598
50 11
50 1005
50 1723
50 187
50 187
50 210
50 210
50 711
51 329
51 51
51 12
51 79
51 77
51 75
51 2402
51 2179
52 496
52 11
52 382
52 526
52 1196
53 521
53 14
53 463
53 1342
53 2198
53 910
53 1875
54 693
54 747
54 15
54 34
54 2070
55 16
55 205
55 205
55 2077
55 74
55 15
56 1845
56 15
56 91
56 744
56 747
57 1483
57 2386
57 2945
57 16
58 3287
58 3398
58 16
58 270
58 856
59 21
59 203
59 203
59 71
59 16
59 3359
59 1960
60 486
60 16
60 19
60 1305
60 856
61 71
61 209
61 209
61 693
61 16
61 903
61 1906
61 1662
61 1544
62 55
62 16
62 71
62 1159
62 1869
63 16
63 2191
63 32
63 856
63 2170
64 16
64 2049
64 1743
64 1881
64 2179
65 16
65 1854
65 284
65 3402
65 856
66 2703
66 17
66 1804
66 54
66 1867
66 2051
66 350
67 1405
67 17
67 1903
67 2397
67 1271
68 18
68 55
68 1962
68 2419
68 2854
69 18
69 55
69 689
69 1191
69 51
70 871
70 323
70 638
70 2317
70 2627
70 125
70 19
71 2052
71 108
71 1810
71 19
71 856
71 2170
72 107
72 2316
72 2062
72 19
73 19
73 74
73 172
73 781
73 1096
73 1537
73 106
73 2285
73 1609
74 19
74 526
74 2679
74 1228
74 397
75 19
75 1416
75 2034
75 856
75 80
76 1950
76 614
76 19
76 80
76 1953
77 366
77 1057
77 19
77 1417
77 2059
78 621
78 443
78 216
78 216
78 1307
78 128
78 19
79 19
79 1276
79 1774
79 2043
79 108
80 19
80 23
80 80
80 172
80 394
81 74
81 19
81 54
81 46
81 3406
81 1512
81 2932
81 1417
81 2950
82 19
82 46
82 91
82 345
82 840
83 55
83 486
83 19
83 486
83 965
84 620
84 19
84 106
84 2289
84 1096
84 74
85 217
85 19
85 41
85 856
85 1488
86 19
86 23
86 394
86 237
86 310
86 65
87 1022
87 366
87 19
87 152
87 796
87 885
88 63
88 19
88 39
88 1990
88 1992
89 1129
89 1373
89 2744
89 2819
89 1153
89 20
89 721
89 2760
89 2011
90 2300
90 1785
90 20
90 936
90 920
91 339
91 2152
91 1910
91 20
91 3336
92 1848
92 20
92 1782
92 500
92 1427
93 664
93 2837
93 1800
93 1801
93 20
94 345
94 20
94 1755
94 103
94 449
95 274
95 22
95 3267
96 216
96 216
96 880
96 23
96 394
97 2140
97 885
97 103
97 23
97 394
98 1821
98 23
98 394
98 486
98 965
98 697
99 23
99 394
99 40
99 245
99 65
100 23
100 394
100 203
100 203
100 74
101 894
101 23
101 394
101 2745
101 3201
101 2189
102 1152
102 1110
102 23
102 394
102 1118
103 23
103 394
103 2119
103 3245
103 1029
103 571
104 23
104 394
104 815
104 1856
104 2046
105 189
105 189
105 23
105 394
105 2140
106 45
106 24
106 1718
106 1025
106 329
107 24
107 59
107 117
107 170
107 60
108 187
108 187
108 25
108 1461
108 1409
109 25
109 2538
109 1779
109 2155
109 1460
110 1300
110 26
110 252
110 1530
110 2216
110 2799
111 225
111 1240
111 27
111 1250
111 1477
111 2219
111 2274
112 291
112 28
112 739
112 2251
112 654
112 750
113 29
113 862
113 210
113 210
113 373
113 3092
113 1773
114 29
114 210
114 210
114 1453
114 1858
115 29
115 210
115 210
115 905
115 3117
116 29
116 216
116 216
116 224
116 786
116 862
117 2456
117 2509
117 29
117 2497
117 2844
117 1064
118 2619
118 29
118 2309
118 423
118 3104
118 1796
118 2459
119 30
119 77
119 205
119 205
119 2167
120 30
120 86
120 91
120 475
120 2004
121 442
121 775
121 1105
121 2561
121 32
121 216
121 216
122 124
122 33
122 55
123 259
123 1582
123 34
124 205
124 205
124 1297
124 1998
124 34
125 34
125 2154
125 2332
125 297
125 1951
126 34
126 205
126 205
126 286
127 1084
127 1203
127 34
127 1475
127 2467
127 1054
128 34
128 286
128 160
128 205
128 205
128 1966
128 2544
128 1653
129 1638
129 34
129 2104
130 34
130 286
130 1425
130 84
130 327
131 34
131 205
131 205
131 837
131 1726
131 2258
132 255
132 335
132 34
132 97
132 1427
132 861
133 34
133 146
133 516
133 616
133 2000
133 3338
133 2257
133 2283
133 179
133 3288
133 77
134 218
134 34
134 205
134 205
134 286
135 35
135 430
135 229
136 379
136 36
136 205
136 205
136 1811
136 3246
136 2066
137 36
137 55
137 472
137 203
137 203
138 425
138 425
138 106
138 172
138 839
138 37
139 2040
139 37
139 1914
139 2421
139 431
140 1057
140 108
140 1057
140 2016
140 37
141 604
141 427
141 484
141 37
141 41
141 547
141 2874
142 55
142 37
142 996
142 809
143 111
143 184
143 184
143 457
143 38
143 329
144 39
144 1820
144 134
144 2034
144 2063
145 41
145 988
145 992
145 1666
145 1121
146 142
146 225
146 158
146 306
146 2302
146 41
146 71
146 301
146 43
146 865
146 1477
146 3212
147 217
147 41
147 2771
147 911
147 1365
148 1059
148 41
148 2582
148 46
148 3406
149 1306
149 2585
149 486
149 42
149 2149
150 1327
150 43
150 907
150 1270
150 1525
151 2709
151 43
151 193
151 193
152 252
152 43
152 252
152 3101
152 711
152 2180
153 44
153 503
153 1054
153 1492
153 1702
153 2559
153 3180
154 44
154 1598
154 1659
154 55
154 702
155 2011
155 798
155 580
155 44
155 1983
155 3251
156 45
156 488
156 89
156 86
156 49
156 1603
157 1856
157 366
157 1429
157 1930
157 1931
157 815
157 46
157 2099
158 46
158 80
158 1304
158 1450
158 428
159 810
159 47
159 1020
159 1939
159 2313
160 48
160 146
160 263
160 516
160 1130
161 1639
161 721
161 1396
161 49
161 208
161 208
162 49
162 208
162 208
162 101
162 1512
163 1531
163 49
163 3419
163 203
163 203
164 49
164 612
164 812
164 1262
164 1574
164 600
165 49
165 370
165 828
165 2958
166 482
166 1570
166 49
166 181
166 181
167 49
167 486
167 2147
167 2150
167 1851
168 202
168 202
168 218
168 218
168 49
169 1003
169 49
169 441
169 390
169 1666
169 2184
169 1001
170 577
170 825
170 1265
170 1334
170 1702
170 2475
170 3175
170 49
171 2830
171 861
171 49
171 189
171 189
171 715
172 49
172 54
172 356
172 1304
172 1450
173 49
173 181
173 181
173 2085
173 2550
173 3317
174 1280
174 1292
174 49
174 103
174 1807
175 508
175 786
175 49
175 1318
175 1816
175 237
175 2199
176 1115
176 49
176 863
176 1305
176 49
177 49
177 634
177 639
177 1255
177 1308
178 1980
178 49
178 235
178 1828
178 460
179 148
179 49
179 387
179 457
179 512
180 49
180 304
180 915
180 1828
180 1957
180 1406
180 1874
181 50
181 207
181 207
181 1969
181 80
182 711
182 51
182 373
182 1506
182 2674
182 1852
183 51
183 205
183 205
183 286
183 864
184 225
184 226
184 93
184 2944
184 51
184 2424
185 51
185 85
185 2040
185 210
185 210
185 1602
186 250
186 286
186 51
186 110
187 1933
187 675
187 51
187 409
187 137
187 137
187 117
187 2498
187 2742
187 416
187 1184
187 2765
188 896
188 66
188 52
188 329
188 2985
189 523
189 847
189 1169
189 1288
189 52
189 1968
189 420
190 53
190 170
190 203
190 203
190 1478
191 480
191 151
191 357
191 2055
191 292
191 54
191 3404
192 486
192 100
192 1407
192 988
192 1665
192 54
193 921
193 924
193 941
193 856
193 966
193 2059
193 54
193 55
194 132
194 71
194 856
194 54
194 747
194 758
195 54
195 69
195 3039
195 1126
195 1857
196 54
196 81
196 369
196 1528
196 155
196 103
196 2566
197 54
197 486
197 654
197 750
197 644
197 1305
198 54
198 644
198 692
198 1083
198 1134
199 145
199 54
199 1305
199 1844
199 3361
200 2420
200 203
200 203
200 2720
200 224
200 55
201 55
201 1281
201 3061
201 3193
201 3196
202 1942
202 55
202 1962
202 2100
202 147
202 876
202 1174
203 710
203 2803
203 1898
203 55
203 831
204 2121
204 913
204 1244
204 55
204 2030
205 362
205 2878
205 1055
205 55
205 1188
205 1274
206 1079
206 1111
206 1719
206 1533
206 55
207 55
207 1634
207 469
207 3188
208 55
208 3294
208 203
208 203
208 1325
209 55
209 324
209 1159
209 1719
209 1936
210 55
210 1533
210 1773
210 465
210 1716
211 55
211 1888
211 3204
211 3343
211 1159
212 55
212 1834
212 2113
212 210
212 210
212 480
212 1881
213 55
213 238
213 3223
213 1533
213 1964
214 55
214 309
214 2109
214 583
214 546
214 1080
215 55
215 2333
215 3093
215 3074
216 419
216 55
216 2572
216 1345
216 3258
217 854
217 55
217 610
217 319
217 3120
217 2124
218 55
218 476
218 404
218 3407
218 76
219 55
219 171
219 381
219 3073
219 1542
220 55
220 210
220 210
220 233
220 234
220 362
220 466
221 55
221 389
221 2464
221 259
221 2472
221 579
221 2030
221 2769
221 2804
221 2035
221 3215
222 203
222 203
222 55
222 139
222 245
222 428
222 2174
222 2176
222 2179
222 3025
223 55
223 203
223 203
223 1709
223 2023
224 56
224 693
224 700
224 1130
224 146
224 153
225 2376
225 57
225 353
225 793
225 977
226 57
226 233
226 496
226 1044
226 2418
227 57
227 146
227 127
227 526
227 1347
228 58
228 86
228 71
228 387
228 512
228 364
228 549
228 1471
228 1692
228 3105
228 878
229 59
229 1834
229 2352
229 762
229 2356
229 308
230 269
230 2178
230 60
230 43
230 110
231 61
231 161
231 370
231 659
232 1436
232 61
232 1133
232 1314
232 1315
233 415
233 1435
233 62
233 146
234 129
234 62
234 101
235 2417
235 2441
235 62
235 1560
235 1636
235 1533
235 1961
236 1305
236 2715
236 64
236 3178
236 3233
237 592
237 64
237 210
237 210
237 1371
238 64
238 206
238 206
238 233
238 234
238 477
239 64
239 347
239 1731
239 1258
240 341
240 103
240 181
240 181
240 68
241 234
241 352
241 353
241 2903
241 68
242 1072
242 1088
242 1254
242 1412
242 70
242 330
242 1077
242 1567
242 2913
242 1447
243 107
243 71
243 1057
243 2295
243 1810
244 71
244 203
244 203
244 1478
244 1490
244 3284
245 72
245 497
245 1639
245 1099
245 2857
246 820
246 1718
246 2924
246 2303
246 73
246 1427
247 2406
247 74
247 856
247 2231
247 2081
247 3166
248 74
248 103
248 1807
248 1488
248 2164
249 76
249 203
249 203
249 252
249 1101
250 76
250 234
250 2616
250 1859
250 2226
251 76
251 225
251 224
251 233
251 234
252 210
252 210
252 353
252 1823
252 77
253 77
253 997
253 2140
253 2238
253 3446
254 298
254 77
254 1901
254 936
255 77
255 210
255 210
255 2040
255 601
255 1149
256 2806
256 77
256 732
256 3019
257 77
257 216
257 216
257 353
257 492
258 796
258 1049
258 1320
258 77
258 3264
258 1930
258 3340
259 1049
259 885
259 1539
259 77
259 1501
260 77
260 210
260 210
260 233
260 1684
261 818
261 1225
261 77
261 966
261 1022
262 2265
262 77
262 1061
262 1216
262 1769
263 77
263 818
263 2404
263 275
263 1608
264 78
264 1192
264 1296
264 210
264 210
264 2204
264 1919
265 210
265 210
265 503
265 79
266 1429
266 1429
266 80
266 1809
266 2225
267 916
267 1271
267 80
267 1799
268 80
268 1586
268 1519
268 1850
268 2054
269 80
269 1120
269 1185
269 1185
269 382
269 1647
269 1042
269 2354
270 81
270 1085
270 1762
270 693
270 1130
270 1702
271 81
271 1207
271 516
271 1874
271 87
272 82
272 428
272 1037
272 1616
272 1945
273 1311
273 1324
273 82
273 325
273 1874
274 82
274 602
274 593
274 3067
275 623
275 568
275 570
275 348
275 83
275 2168
276 103
276 1429
276 83
276 1245
276 923
277 163
277 103
277 1445
277 83
277 131
277 2299
278 486
278 878
278 631
278 83
278 884
278 1305
278 1293
278 2224
279 210
279 216
279 210
279 216
279 301
279 85
280 453
280 259
280 616
280 248
280 2329
280 85
280 878
280 1143
280 693
280 2127
280 1068
280 2303
280 3408
280 1796
280 2041
280 3171
281 1378
281 86
281 272
281 288
281 338
281 441
281 601
281 727
281 838
281 1473
281 1627
281 1691
281 1762
281 1793
281 1817
281 1907
281 2337
281 2780
281 2880
281 2986
281 3107
281 3231
281 3257
282 86
282 89
282 91
282 2115
282 329
283 258
283 747
283 86
283 115
283 245
284 301
284 86
284 89
284 91
284 891
285 582
285 86
285 138
285 3140
285 3274
286 86
286 89
286 1016
286 681
286 1136
287 568
287 1101
287 86
287 916
287 1481
287 2606
287 1591
288 145
288 416
288 130
288 87
288 145
288 1742
289 86
289 1137
289 747
289 514
289 2134
290 88
290 124
290 596
290 612
290 624
290 642
290 649
290 719
290 757
290 936
290 1009
290 1054
290 1188
290 1733
290 2668
290 2682
290 2684
290 2737
290 3205
291 173
291 173
291 91
291 1090
291 88
292 387
292 1242
292 821
292 88
292 670
293 88
293 91
293 124
293 2292
293 742
293 457
294 486
294 965
294 2248
294 90
294 1893
295 1717
295 1298
295 720
295 89
295 91
295 387
296 205
296 205
296 1141
296 2952
296 90
296 91
296 1482
296 1845
297 1080
297 1348
297 1693
297 364
297 1156
297 568
297 90
298 587
298 1320
298 997
298 90
298 3216
299 1639
299 1056
299 90
299 2048
300 709
300 1107
300 90
300 1570
300 482
301 112
301 311
301 145
301 90
301 747
302 58
302 2347
302 91
302 744
302 747
303 1096
303 1609
303 91
303 747
303 761
303 1728
304 92
304 1401
304 1846
304 620
304 1350
305 92
305 1764
305 1959
306 138
306 92
306 1227
306 258
306 749
307 329
307 1477
307 91
307 1835
307 2081
308 113
308 91
308 205
308 205
308 1099
309 1220
309 1374
309 2983
309 91
309 1219
309 1085
310 91
310 817
310 1400
310 2476
311 2933
311 91
311 124
311 639
311 1928
312 540
312 91
312 387
312 1141
312 457
313 91
313 1845
313 2334
313 1519
313 1178
313 1152
314 662
314 91
314 870
314 1179
314 2368
315 91
315 750
315 667
315 2761
315 3263
316 91
316 124
316 103
316 1729
316 853
316 2125
316 3327
317 2261
317 94
317 329
317 91
317 475
317 457
317 979
318 91
318 124
318 1532
318 390
318 1478
318 364
318 614
319 1496
319 2270
319 94
319 449
319 234
319 433
320 526
320 2967
320 95
320 1229
320 707
321 95
321 2969
321 260
322 235
322 96
322 2669
322 2700
322 20
323 204
323 204
323 486
323 1305
323 97
323 1893
323 2223
324 449
324 1537
324 97
324 1213
324 2022
324 2048
325 3314
325 3316
325 448
325 2058
325 781
325 97
325 1121
325 619
325 1478
325 70
325 1783
326 97
326 384
326 1143
326 1310
326 1453
326 1885
326 2108
326 2254
326 2282
326 2409
326 465
326 1095
326 2765
326 2935
327 424
327 440
327 1297
327 97
327 2137
328 99
328 2707
328 304
328 720
328 1673
329 100
329 100
329 1774
329 334
329 1108
329 493
330 356
330 1895
330 100
330 2645
330 981
331 1063
331 1096
331 101
331 203
331 203
332 101
332 207
332 207
332 1782
332 2198
333 428
333 1028
333 101
333 1028
333 1742
334 101
334 1746
334 1305
334 207
334 207
334 1381
335 101
335 203
335 203
335 539
335 2452
335 2455
336 275
336 1608
336 101
336 275
336 1608
337 2026
337 2218
337 2086
337 102
337 103
338 102
338 103
338 1821
338 203
338 203
339 930
339 950
339 493
339 823
339 1639
339 3040
339 3357
339 2171
339 103
340 280
340 1076
340 1312
340 1275
340 103
341 192
341 192
341 104
341 191
341 191
341 316
341 2373
342 2366
342 103
342 2219
342 604
343 813
343 622
343 1161
343 623
343 1139
343 713
343 1085
343 546
343 722
343 765
343 1118
343 1129
343 1143
343 1700
343 1473
343 3313
343 991
343 606
343 874
343 882
343 1160
343 1252
343 1516
343 1807
343 2457
343 2556
343 3392
343 573
343 598
343 1122
343 2080
343 2872
343 2875
343 103
343 3381
343 3417
343 2021
343 1443
343 3068
343 3087
343 3290
343 1182
343 1885
343 2109
343 412
343 3075
343 3130
343 3136
343 1902
343 426
343 317
343 2573
343 3069
343 3197
343 2094
344 482
344 539
344 535
344 1996
344 103
345 768
345 529
345 543
345 3034
345 103
346 203
346 203
346 216
346 216
346 224
346 234
346 103
347 105
347 103
347 222
347 786
347 2586
348 103
348 1477
348 384
348 1938
349 1335
349 103
349 1681
349 1099
349 245
350 103
350 470
350 1780
350 2429
350 2182
351 440
351 103
351 1981
351 1954
351 2163
352 103
352 1362
352 1966
352 1874
352 1854
353 103
353 216
353 216
353 1813
353 2074
354 103
354 334
354 1304
354 1450
354 1755
355 429
355 1121
355 107
355 429
355 119
356 1019
356 1101
356 108
356 1848
357 688
357 108
357 895
357 1057
357 2993
358 109
358 429
358 611
358 370
358 532
358 233
358 816
359 579
359 628
359 893
359 1720
359 110
360 111
360 184
360 184
360 457
360 859
361 111
361 184
361 184
361 2594
361 859
362 111
362 184
362 184
362 2070
362 1480
363 111
363 979
363 184
363 184
364 111
364 184
364 184
364 923
364 979
365 1147
365 111
365 184
365 184
365 588
366 1589
366 823
366 163
366 157
366 110
367 157
367 110
367 486
367 965
367 3318
367 241
367 1313
368 1007
368 113
368 495
368 880
368 1124
368 2009
368 2344
369 1705
369 712
369 709
369 114
369 3389
370 115
370 922
370 2482
370 2222
370 2137
370 2176
371 115
371 939
371 1173
371 615
372 115
372 302
372 281
372 146
372 1372
373 118
373 2836
373 1314
373 1314
374 117
374 162
374 1428
374 1194
374 2432
374 2851
375 1131
375 1035
375 637
375 1304
375 1450
375 117
376 120
376 1281
376 356
376 2727
376 1704
376 39
377 1665
377 210
377 210
377 121
377 177
377 177
378 2408
378 173
378 173
378 428
378 121
378 428
378 1755
379 608
379 122
379 621
379 834
379 628
379 750
379 257
379 604
380 1309
380 123
380 345
380 1199
380 1408
381 1510
381 124
381 334
381 135
381 2247
382 125
382 860
382 475
382 3266
382 168
382 203
382 203
383 2003
383 125
383 623
383 2058
383 2504
384 205
384 205
384 866
384 126
384 256
385 387
385 540
385 126
385 1868
385 1839
386 1825
386 129
386 839
386 306
386 2360
387 150
387 306
387 129
387 1850
387 1962
387 2054
387 2195
388 131
388 216
388 216
388 486
388 486
388 965
388 486
388 965
389 608
389 133
389 1101
389 387
389 429
389 1065
389 2783
390 2040
390 3351
390 980
390 134
390 2622
391 184
391 184
391 1669
391 135
391 893
392 159
392 235
392 374
392 460
392 135
393 286
393 1399
393 1284
393 137
393 566
394 890
394 2729
394 137
394 2577
394 2515
394 3013
394 1911
395 2290
395 137
395 3091
395 1692
395 1101
395 178
395 178
395 266
395 429
395 1101
396 1067
396 2397
396 654
396 910
396 1698
396 138
396 387
396 1518
396 552
397 140
397 977
397 2462
397 2951
397 3272
398 440
398 1653
398 141
398 329
399 143
399 1429
399 210
399 210
399 301
399 496
399 203
399 203
400 1143
400 647
400 143
400 455
400 614
400 761
400 765
400 900
400 1291
400 1336
400 1819
400 2010
400 2014
400 2749
400 364
401 144
401 890
401 1073
401 1175
401 1185
401 1647
401 2425
402 175
402 200
402 175
402 200
402 794
402 763
402 145
402 145
402 2234
403 145
403 145
403 145
403 145
403 145
404 145
404 370
404 482
404 2723
404 818
405 220
405 227
405 1139
405 3119
405 146
405 592
405 506
406 358
406 506
406 592
406 711
406 146
407 1127
407 633
407 1527
407 146
407 616
407 592
407 1197
408 259
408 210
408 210
408 146
408 1130
409 3291
409 146
409 396
409 547
409 2007
409 2882
409 1490
410 146
410 516
410 1130
410 1627
410 223
411 526
411 1228
411 2764
411 146
411 516
412 146
412 516
412 608
412 614
412 1130
413 146
413 2210
413 535
413 1492
413 2940
414 606
414 350
414 1520
414 146
414 1847
414 2858
415 838
415 146
415 376
415 628
415 3455
416 693
416 146
416 1130
416 1081
416 1611
417 190
417 190
417 146
417 516
417 592
417 1024
417 2026
418 146
418 614
418 655
418 1164
418 1232
418 1903
419 1886
419 719
419 1391
419 2835
419 1580
419 2033
419 992
419 1047
419 2022
419 3135
419 248
419 259
419 266
419 274
419 410
419 487
419 503
419 566
419 614
419 644
419 647
419 718
419 750
419 770
419 838
419 875
419 899
419 900
419 987
419 995
419 1000
419 1002
419 1054
419 1341
419 2126
419 2443
419 2526
419 2529
419 3076
419 146
419 409
419 440
419 349
419 1963
419 1112
419 1937
419 702
419 3214
419 532
419 874
419 1280
419 759
419 916
419 1905
419 874
419 983
419 755
419 1782
419 1039
419 2094
419 1956
419 808
419 1364
419 2211
419 2084
419 3421
419 1934
420 516
420 621
420 146
420 592
420 506
421 146
421 280
421 297
421 530
421 1471
421 2790
422 878
422 146
422 516
422 614
422 1147
423 146
423 1130
423 1399
423 1691
423 2485
424 146
424 693
424 1130
424 516
424 2736
425 621
425 628
425 146
425 345
425 516
425 592
425 877
425 1080
426 801
426 146
426 503
426 506
426 698
426 2407
427 146
427 506
427 526
427 592
427 1101
427 1251
427 1788
427 1824
428 146
428 259
428 506
428 628
428 2339
429 146
429 516
429 734
429 750
429 889
429 1054
429 1068
429 1762
429 1824
429 1873
429 2018
429 2833
429 1177
430 146
430 259
430 516
430 616
430 1028
431 146
431 519
431 516
431 603
431 592
432 146
432 248
432 254
432 503
432 562
432 875
432 889
432 955
432 2681
433 146
433 516
433 719
433 552
433 875
433 1439
434 761
434 146
434 1072
434 1077
434 1529
434 2801
434 429
434 1054
434 1557
434 3096
434 3293
434 1497
434 1089
434 2767
434 2058
434 544
435 146
435 616
435 693
435 1130
435 1904
436 614
436 476
436 386
436 1382
436 360
436 1909
436 1348
436 526
436 146
436 536
436 616
436 641
436 878
436 1689
436 2010
436 2014
436 2033
436 1092
436 1716
436 2207
436 1516
436 1205
437 526
437 1076
437 2010
437 2732
437 2812
437 146
437 503
437 1327
437 1692
437 1054
437 1232
438 146
438 179
438 179
438 259
438 516
438 616
438 1080
438 1693
439 146
439 257
439 341
439 616
439 726
440 216
440 216
440 146
440 1989
441 146
441 547
441 1080
441 1519
441 1265
441 1197
442 146
442 257
442 604
442 616
442 632
442 1142
443 516
443 2762
443 259
443 1170
443 146
444 709
444 146
444 506
444 531
444 592
445 146
445 834
445 614
445 1054
445 1584
446 2712
446 146
446 622
446 958
446 1078
446 535
446 579
446 716
447 146
447 584
447 624
447 628
447 693
448 146
448 616
448 808
448 1214
448 1702
449 1230
449 146
449 248
449 557
449 701
449 765
449 783
449 1180
449 2010
449 2084
449 2126
449 2971
450 146
450 348
450 616
450 1054
450 1101
450 1588
451 506
451 628
451 592
451 709
451 146
451 924
452 146
452 592
452 1032
452 1113
452 1897
453 1076
453 599
453 641
453 2495
453 146
453 579
453 760
453 2957
453 595
454 146
454 3262
454 695
454 416
454 526
455 1134
455 642
455 146
455 263
455 788
455 1080
456 146
456 547
456 579
456 1153
456 291
456 599
457 1080
457 1348
457 146
457 2260
457 1496
457 2122
458 278
458 628
458 1399
458 146
458 983
459 146
459 700
459 719
459 693
459 1130
460 719
460 842
460 1208
460 146
460 2800
460 511
460 547
460 616
460 2470
460 702
460 757
460 834
460 853
460 2422
460 429
460 2437
460 2534
460 2822
460 2276
460 2891
461 1278
461 790
461 146
461 616
461 693
462 146
462 503
462 616
462 276
462 638
463 260
463 146
463 503
463 616
463 1260
463 1100
463 1101
464 388
464 693
464 2014
464 146
464 2403
465 146
465 257
465 1657
465 2947
466 1101
466 777
466 257
466 361
466 547
466 146
466 541
466 524
466 1802
466 605
466 1139
466 579
466 2145
467 146
467 486
467 616
467 700
467 965
468 146
468 516
468 616
468 3386
468 1068
468 1344
469 146
469 616
469 267
469 1754
469 592
470 147
470 2763
471 1741
471 148
471 486
471 965
471 486
472 1308
472 148
472 793
472 364
472 3077
473 149
473 948
473 2304
473 1008
473 2686
474 855
474 1936
474 437
474 151
474 2124
474 3400
475 276
475 154
475 205
475 205
475 414
476 429
476 154
476 2077
476 1183
476 2040
477 154
477 276
477 1140
477 1162
477 457
478 155
478 1234
478 2069
478 2253
478 2788
479 1237
479 1237
479 155
479 946
480 2021
480 1981
480 2355
480 155
480 536
480 1269
481 156
481 1426
481 3322
481 2272
481 256
482 162
482 3323
482 1113
482 1795
483 162
483 1718
483 1641
483 3160
484 2368
484 2995
484 1047
484 870
484 844
484 1145
484 780
484 163
484 1879
485 163
485 266
485 2744
485 2819
485 1511
486 163
486 179
486 179
486 190
486 190
487 164
487 829
487 1275
487 2340
487 2779
488 165
488 785
488 1890
488 1546
489 729
489 938
489 2456
489 165
489 225
490 685
490 165
490 1989
490 710
490 3388
490 1785
491 341
491 2377
491 1238
491 245
491 166
492 397
492 166
492 1922
492 2161
492 2157
493 2384
493 167
493 653
493 694
493 2511
493 2512
494 2481
494 168
494 654
494 1646
494 2743
495 875
495 169
495 1500
495 838
495 1206
495 2126
495 3085
495 3257
495 720
495 292
495 3441
495 2782
496 1102
496 171
496 1599
496 1285
497 409
497 2632
497 2868
497 525
497 784
497 1259
497 171
497 429
497 713
497 560
497 1085
497 1599
497 3059
498 257
498 842
498 2941
498 172
498 994
499 405
499 260
499 172
499 1376
500 202
500 202
500 173
500 173
501 1030
501 2725
501 245
501 173
501 173
502 173
502 173
502 1199
502 306
502 2479
503 174
503 174
503 1430
503 228
503 2158
503 2190
504 175
504 175
504 186
504 186
504 425
505 176
505 176
505 3008
505 3301
506 232
506 1064
506 1792
506 177
506 177
507 1215
507 177
507 177
508 446
508 2170
508 177
508 177
508 2171
509 177
509 177
509 428
509 2176
509 3462
510 194
510 194
510 203
510 203
510 992
510 720
510 960
510 2040
510 177
510 177
510 1666
511 1966
511 1619
511 526
511 1793
511 178
511 178
511 1601
512 178
512 178
512 463
512 1101
512 1610
512 535
513 250
513 300
513 1188
513 1274
513 178
513 178
513 266
513 288
513 507
513 724
513 752
513 1321
513 1328
513 579
513 729
513 1046
513 1125
513 1143
513 1290
513 516
513 701
513 1076
513 1671
513 3148
513 408
513 3014
514 178
514 178
514 443
514 614
514 655
514 1382
514 1471
514 2010
514 1399
514 902
514 2498
514 552
515 178
515 208
515 178
515 208
515 604
515 880
515 1905
516 1273
516 178
516 178
516 259
516 526
517 178
517 178
517 276
517 356
517 526
517 1076
518 592
518 602
518 3137
518 1701
518 179
518 179
519 2214
519 876
519 1475
519 179
519 179
519 3190
520 1054
520 1697
520 616
520 3112
520 874
520 2540
520 2562
520 179
520 179
520 1500
520 1693
520 2190
521 179
521 179
521 605
521 541
521 1586
522 179
522 179
522 693
522 614
522 445
523 1692
523 179
523 179
523 1485
523 1738
523 1745
524 179
524 179
524 505
524 1348
524 714
525 179
525 179
525 1080
525 1693
525 698
526 179
526 179
526 547
526 2471
526 806
526 1337
526 1585
527 179
527 179
527 1307
527 646
527 1104
527 2186
528 179
528 179
528 698
528 750
528 1083
528 1693
529 179
529 179
529 1080
529 1441
529 869
530 180
530 180
530 486
530 965
530 1305
531 1843
531 1862
531 181
531 181
531 380
532 197
532 197
532 181
532 181
533 1782
533 181
533 181
533 2296
533 241
534 3144
534 181
534 181
534 1602
534 2525
535 181
535 216
535 181
535 216
535 2040
536 181
536 181
536 207
536 207
536 1859
537 1370
537 1735
537 182
537 182
537 893
538 2590
538 182
538 182
538 249
538 1718
539 183
539 183
539 2390
539 2266
540 185
540 185
540 367
540 368
540 393
540 590
540 2388
541 203
541 203
541 186
541 186
541 1623
542 187
542 187
542 1923
542 3004
542 2169
543 187
543 187
543 886
543 486
543 965
544 3242
544 187
544 187
545 187
545 187
545 2158
545 2442
545 3198
546 2413
546 187
546 187
546 1415
547 187
547 187
547 1774
547 1493
547 2158
548 187
548 187
548 1394
548 2158
548 1786
549 187
549 187
549 1712
549 1720
549 1983
550 187
550 187
550 701
550 693
550 516
551 2516
551 188
551 188
551 245
552 188
552 188
552 746
552 2504
552 1030
553 413
553 189
553 189
553 1347
553 2291
553 2797
554 277
554 2866
554 190
554 190
554 506
554 1572
555 190
555 190
555 2394
555 3471
556 190
556 190
556 2532
556 486
556 965
557 723
557 193
557 193
557 864
557 638
557 1782
557 3199
558 407
558 1277
558 195
558 195
558 3114
558 1096
558 2816
559 280
559 675
559 195
559 195
559 329
559 514
559 620
559 1726
560 195
560 195
560 429
560 439
560 348
560 1861
561 196
561 196
561 293
561 435
561 1764
561 1959
561 3376
562 199
562 199
562 199
562 199
563 201
563 201
563 561
563 1230
563 1396
563 1903
563 2772
563 248
563 719
563 1143
564 202
564 202
564 628
564 2043
564 2219
565 1730
565 202
565 202
565 2234
565 1559
566 486
566 965
566 202
566 202
566 896
566 420
567 482
567 202
567 202
567 2162
567 1244
568 1420
568 202
568 202
568 1307
568 1787
569 202
569 202
569 1957
569 1867
569 1311
570 202
570 202
570 333
570 1433
570 3037
571 203
571 203
571 2219
571 628
571 3255
572 571
572 203
572 203
572 750
572 2825
573 1595
573 203
573 203
573 592
573 602
574 826
574 712
574 482
574 203
574 203
575 203
575 203
575 314
575 314
575 314
575 314
575 314
575 314
575 314
575 314
575 314
575 314
575 314
575 314
575 314
575 314
575 314
575 314
575 314
575 314
575 314
575 314
575 314
575 314
575 314
575 314
575 314
575 314
575 314
575 314
575 314
575 314
575 314
575 314
575 314
575 314
575 314
575 314
575 314
575 314
575 314
575 314
575 314
575 314
575 314
575 314
575 314
575 314
575 314
575 314
575 314
575 314
575 314
575 314
575 314
575 314
575 314
575 314
575 314
575 314
575 314
575 314
575 314
575 314
575 314
575 314
575 314
575 314
575 314
575 314
575 314
575 314
575 314
575 314
575 314
575 314
575 314
575 314
575 314
575 314
575 314
575 314
575 314
575 314
575 314
575 314
575 314
575 314
575 314
575 314
575 314
575 314
575 314
575 314
575 314
575 314
575 314
575 314
575 314
575 314
575 314
575 314
575 314
575 314
575 314
575 314
575 314
575 314
575 314
575 314
575 314
575 314
575 314
575 314
575 314
575 314
575 314
575 314
575 314
575 314
575 314
575 314
575 314
575 314
575 314
575 314
575 314
575 314
575 314
575 314
575 314
575 314
575 314
575 314
575 314
575 314
575 314
575 314
575 314
575 314
575 314
575 314
575 314
575 314
575 314
575 314
575 314
575 314
575 314
575 314
575 314
575 314
575 314
575 314
575 314
575 314
575 314
575 314
575 314
575 314
575 314
575 314
575 314
575 314
575 314
575 314
575 314
575 314
575 314
575 314
575 314
575 314
575 314
575 314
575 314
575 314
575 314
575 314
575 314
575 314
575 314
575 314
575 314
575 314
575 314
575 314
575 314
575 314
575 314
575 314
575 314
575 314
575 314
575 314
575 314
575 314
575 314
575 314
575 314
575 314
575 314
575 314
575 314
575 314
575 314
575 314
576 1161
576 1196
576 601
576 1257
576 2135
576 2025
576 203
576 203
577 904
577 1711
577 203
577 203
577 2273
578 2553
578 203
578 203
578 1478
578 2019
579 725
579 486
579 965
579 203
579 203
580 680
580 1727
580 203
580 203
581 580
581 611
581 1269
581 1665
581 203
581 203
582 912
582 203
582 203
582 2527
582 1868
583 2439
583 2943
583 203
583 203
583 1813
584 749
584 203
584 203
584 1210
584 3098
584 3113
584 1628
585 203
585 203
585 314
585 314
585 314
585 314
585 314
585 314
585 314
585 314
585 314
585 314
585 314
585 314
585 314
585 314
585 314
585 314
585 314
585 314
585 314
585 314
585 314
585 314
585 314
585 314
585 314
585 314
585 314
585 314
585 314
585 314
585 314
585 314
585 314
585 314
585 314
585 314
585 314
585 314
585 314
585 314
585 314
585 314
585 314
585 314
585 314
585 314
585 314
585 314
585 314
585 314
585 314
585 314
585 314
585 314
585 314
585 314
585 314
585 314
585 314
585 314
585 314
585 314
585 314
585 314
585 314
585 314
585 314
585 314
585 314
585 314
585 314
585 314
585 314
585 314
585 314
585 314
585 314
585 314
585 314
585 314
585 314
585 314
585 314
585 314
585 314
585 314
585 314
585 314
585 314
585 314
585 314
585 314
585 314
585 314
585 314
585 314
585 314
585 314
585 314
585 314
585 314
585 314
585 314
585 314
585 314
585 314
585 314
585 314
585 314
585 314
585 314
585 314
585 314
585 314
585 314
585 314
585 314
585 314
585 314
585 314
585 314
585 314
585 314
585 314
585 314
585 314
585 314
585 314
585 314
585 314
585 314
585 314
585 314
585 314
585 314
585 314
585 314
585 314
585 314
585 314
585 314
585 314
585 314
585 314
585 314
585 314
585 314
585 314
585 314
585 314
585 314
585 314
585 314
585 314
585 314
585 314
585 314
585 314
585 314
585 314
585 314
585 314
585 314
585 314
585 314
585 314
585 314
585 314
585 314
585 314
585 314
585 314
585 314
585 314
585 314
585 314
585 314
585 314
585 314
585 314
585 314
585 314
585 314
585 314
585 314
585 314
585 314
585 314
585 314
585 314
585 314
585 314
585 314
585 314
585 314
585 314
585 314
585 314
585 314
585 314
585 314
585 314
585 314
585 314
586 953
586 1151
586 203
586 203
586 2647
586 2651
587 203
587 203
587 233
587 352
587 244
588 2216
588 226
588 203
588 203
588 2176
588 2236
589 203
589 203
589 628
589 1972
589 2007
590 203
590 203
590 314
590 314
590 314
590 314
590 314
590 314
590 314
590 314
590 314
590 314
590 314
590 314
590 314
590 314
590 314
590 314
590 314
590 314
590 314
590 314
590 314
590 314
590 314
590 314
590 314
590 314
590 314
590 314
590 314
590 314
590 314
590 314
590 314
590 314
590 314
590 314
590 314
590 314
590 314
590 314
590 314
590 314
590 314
590 314
590 314
590 314
590 314
590 314
590 314
590 314
590 314
590 314
590 314
590 314
590 314
590 314
590 314
590 314
590 314
590 314
590 314
590 314
590 314
590 314
590 314
590 314
590 314
590 314
590 314
590 314
590 314
590 314
590 314
590 314
590 314
590 314
590 314
590 314
590 314
590 314
590 314
590 314
590 314
590 314
590 314
590 314
590 314
590 314
590 314
590 314
590 314
590 314
590 314
590 314
590 314
590 314
590 314
590 314
590 314
590 314
590 314
590 314
590 314
590 314
590 314
590 314
590 314
590 314
590 314
590 314
590 314
590 314
590 314
590 314
590 314
590 314
590 314
590 314
590 314
590 314
590 314
590 314
590 314
590 314
590 314
590 314
590 314
590 314
590 314
590 314
590 314
590 314
590 314
590 314
590 314
590 314
590 314
590 314
590 314
590 314
590 314
590 314
590 314
590 314
590 314
590 314
590 314
590 314
590 314
590 314
590 314
590 314
590 314
590 314
590 314
590 314
590 314
590 314
590 314
590 314
590 314
590 314
590 314
590 314
590 314
590 314
590 314
590 314
590 314
590 314
590 314
590 314
590 314
590 314
590 314
590 314
590 314
590 314
590 314
590 314
590 314
590 314
590 314
590 314
590 314
590 314
590 314
590 314
590 314
590 314
590 314
590 314
590 314
590 314
590 314
590 314
590 314
590 314
590 314
590 314
590 314
590 314
590 314
590 314
591 203
591 203
591 314
591 314
591 314
591 314
591 314
591 314
591 314
591 314
591 314
591 314
591 314
591 314
591 314
591 314
591 314
591 314
591 314
591 314
591 314
591 314
591 314
591 314
591 314
591 314
591 314
591 314
591 314
591 314
591 314
591 314
591 314
591 314
591 314
591 314
591 314
591 314
591 314
591 314
591 314
591 314
591 314
591 314
591 314
591 314
591 314
591 314
591 314
591 314
591 314
591 314
591 314
591 314
591 314
591 314
591 314
591 314
591 314
591 314
591 314
591 314
591 314
591 314
591 314
591 314
591 314
591 314
591 314
591 314
591 314
591 314
591 314
591 314
591 314
591 314
591 314
591 314
591 314
591 314
591 314
591 314
591 314
591 314
591 314
591 314
591 314
591 314
591 314
591 314
591 314
591 314
591 314
591 314
591 314
591 314
591 314
591 314
591 314
591 314
591 314
591 314
591 314
591 314
591 314
591 314
591 314
591 314
591 314
591 314
591 314
591 314
591 314
591 314
591 314
591 314
591 314
591 314
591 314
591 314
591 314
591 314
591 314
591 314
591 314
591 314
591 314
591 314
591 314
591 314
591 314
591 314
591 314
591 314
591 314
591 314
591 314
591 314
591 314
591 314
591 314
591 314
591 314
591 314
591 314
591 314
591 314
591 314
591 314
591 314
591 314
591 314
591 314
591 314
591 314
591 314
591 314
591 314
591 314
591 314
591 314
591 314
591 314
591 314
591 314
591 314
591 314
591 314
591 314
591 314
591 314
591 314
591 314
591 314
591 314
591 314
591 314
591 314
591 314
591 314
591 314
591 314
591 314
591 314
591 314
591 314
591 314
591 314
591 314
591 314
591 314
591 314
591 314
591 314
591 314
591 314
591 314
591 314
591 314
591 314
591 314
591 314
591 314
591 314
591 314
591 314
592 913
592 1820
592 320
592 203
592 203
593 203
593 203
593 314
593 314
593 314
593 314
593 314
593 314
593 314
593 314
593 314
593 314
593 314
593 314
593 314
593 314
593 314
593 314
593 314
593 314
593 314
593 314
593 314
593 314
593 314
593 314
593 314
593 314
593 314
593 314
593 314
593 314
593 314
593 314
593 314
593 314
593 314
593 314
593 314
593 314
593 314
593 314
593 314
593 314
593 314
593 314
593 314
593 314
593 314
593 314
593 314
593 314
593 314
593 314
593 314
593 314
593 314
593 314
593 314
593 314
593 314
593 314
593 314
593 314
593 314
593 314
593 314
593 314
593 314
593 314
593 314
593 314
593 314
593 314
593 314
593 314
593 314
593 314
593 314
593 314
593 314
593 314
593 314
593 314
593 314
593 314
593 314
593 314
593 314
593 314
593 314
593 314
593 314
593 314
593 314
593 314
593 314
593 314
593 314
593 314
593 314
593 314
593 314
593 314
593 314
593 314
593 314
593 314
593 314
593 314
593 314
593 314
593 314
593 314
593 314
593 314
593 314
593 314
593 314
593 314
593 314
593 314
593 314
593 314
593 314
593 314
593 314
593 314
593 314
593 314
593 314
593 314
593 314
593 314
593 314
593 314
593 314
593 314
593 314
593 314
593 314
593 314
593 314
593 314
593 314
593 314
593 314
593 314
593 314
593 314
593 314
593 314
593 314
593 314
593 314
593 314
593 314
593 314
593 314
593 314
593 314
593 314
593 314
593 314
593 314
593 314
593 314
593 314
593 314
593 314
593 314
593 314
593 314
593 314
593 314
593 314
593 314
593 314
593 314
593 314
593 314
593 314
593 314
593 314
593 314
593 314
593 314
593 314
593 314
593 314
593 314
593 314
593 314
593 314
593 314
593 314
593 314
593 314
593 314
593 314
593 314
593 314
593 314
593 314
593 314
593 314
594 2064
594 503
594 2753
594 203
594 203
595 203
595 203
595 314
595 314
595 314
595 314
595 314
595 314
595 314
595 314
595 314
595 314
595 314
595 314
595 314
595 314
595 314
595 314
595 314
595 314
595 314
595 314
595 314
595 314
595 314
595 314
595 314
595 314
595 314
595 314
595 314
595 314
595 314
595 314
595 314
595 314
595 314
595 314
595 314
595 314
595 314
595 314
595 314
595 314
595 314
595 314
595 314
595 314
595 314
595 314
595 314
595 314
595 314
595 314
595 314
595 314
595 314
595 314
595 314
595 314
595 314
595 314
595 314
595 314
595 314
595 314
595 314
595 314
595 314
595 314
595 314
595 314
595 314
595 314
595 314
595 314
595 314
595 314
595 314
595 314
595 314
595 314
595 314
595 314
595 314
595 314
595 314
595 314
595 314
595 314
595 314
595 314
595 314
595 314
595 314
595 314
595 314
595 314
595 314
595 314
595 314
595 314
595 314
595 314
595 314
595 314
595 314
595 314
595 314
595 314
595 314
595 314
595 314
595 314
595 314
595 314
595 314
595 314
595 314
595 314
595 314
595 314
595 314
595 314
595 314
595 314
595 314
595 314
595 314
595 314
595 314
595 314
595 314
595 314
595 314
595 314
595 314
595 314
595 314
595 314
595 314
595 314
595 314
595 314
595 314
595 314
595 314
595 314
595 314
595 314
595 314
595 314
595 314
595 314
595 314
595 314
595 314
595 314
595 314
595 314
595 314
595 314
595 314
595 314
595 314
595 314
595 314
595 314
595 314
595 314
595 314
595 314
595 314
595 314
595 314
595 314
595 314
595 314
595 314
595 314
595 314
595 314
595 314
595 314
595 314
595 314
595 314
595 314
595 314
595 314
595 314
595 314
595 314
595 314
595 314
595 314
595 314
595 314
595 314
595 314
595 314
595 314
595 314
595 314
595 314
595 314
596 1731
596 2118
596 203
596 203
596 1054
597 203
597 203
597 486
597 965
597 2165
598 203
598 203
598 314
598 314
598 314
598 314
598 314
598 314
598 314
598 314
598 314
598 314
598 314
598 314
598 314
598 314
598 314
598 314
598 314
598 314
598 314
598 314
598 314
598 314
598 314
598 314
598 314
598 314
598 314
598 314
598 314
598 314
598 314
598 314
598 314
598 314
598 314
598 314
598 314
598 314
598 314
598 314
598 314
598 314
598 314
598 314
598 314
598 314
598 314
598 314
598 314
598 314
598 314
598 314
598 314
598 314
598 314
598 314
598 314
598 314
598 314
598 314
598 314
598 314
598 314
598 314
598 314
598 314
598 314
598 314
598 314
598 314
598 314
598 314
598 314
598 314
598 314
598 314
598 314
598 314
598 314
598 314
598 314
598 314
598 314
598 314
598 314
598 314
598 314
598 314
598 314
598 314
598 314
598 314
598 314
598 314
598 314
598 314
598 314
598 314
598 314
598 314
598 314
598 314
598 314
598 314
598 314
598 314
598 314
598 314
598 314
598 314
598 314
598 314
598 314
598 314
598 314
598 314
598 314
598 314
598 314
598 314
598 314
598 314
598 314
598 314
598 314
598 314
598 314
598 314
598 314
598 314
598 314
598 314
598 314
598 314
598 314
598 314
598 314
598 314
598 314
598 314
598 314
598 314
598 314
598 314
598 314
598 314
598 314
598 314
598 314
598 314
598 314
598 314
598 314
598 314
598 314
598 314
598 314
598 314
598 314
598 314
598 314
598 314
598 314
598 314
598 314
598 314
598 314
598 314
598 314
598 314
598 314
598 314
598 314
598 314
598 314
598 314
598 314
598 314
598 314
598 314
598 314
598 314
598 314
598 314
598 314
598 314
598 314
598 314
598 314
598 314
598 314
598 314
598 314
598 314
598 314
598 314
598 314
598 314
598 314
598 314
598 314
598 314
598 314
598 314
599 952
599 2137
599 203
599 203
599 1806
599 1033
599 2228
600 2821
600 203
600 203
600 1519
600 2210
600 1431
600 233
600 614
601 374
601 235
601 1617
601 203
601 203
601 776
602 203
602 203
602 353
602 1357
602 1568
603 996
603 203
603 203
603 314
603 314
603 314
603 314
603 314
603 314
603 314
603 314
603 314
603 314
603 314
603 314
603 314
603 314
603 314
603 314
603 314
603 314
603 314
603 314
603 314
603 314
603 314
603 314
603 314
603 314
603 314
603 314
603 314
603 314
603 314
603 314
603 314
603 314
603 314
603 314
603 314
603 314
603 314
603 314
603 314
603 314
603 314
603 314
603 314
603 314
603 314
603 314
603 314
603 314
603 314
603 314
603 314
603 314
603 314
603 314
603 314
603 314
603 314
603 314
603 314
603 314
603 314
603 314
603 314
603 314
603 314
603 314
603 314
603 314
603 314
603 314
603 314
603 314
603 314
603 314
603 314
603 314
603 314
603 314
603 314
603 314
603 314
603 314
603 314
603 314
603 314
603 314
603 314
603 314
603 314
603 314
603 314
603 314
603 314
603 314
603 314
603 314
603 314
603 314
603 314
603 314
603 314
603 314
603 314
603 314
603 314
603 314
603 314
603 314
603 314
603 314
603 314
603 314
603 314
603 314
603 314
603 314
603 314
603 314
603 314
603 314
603 314
603 314
603 314
603 314
603 314
603 314
603 314
603 314
603 314
603 314
603 314
603 314
603 314
603 314
603 314
603 314
603 314
603 314
603 314
603 314
603 314
603 314
603 314
603 314
603 314
603 314
603 314
603 314
603 314
603 314
603 314
603 314
603 314
603 314
603 314
603 314
603 314
603 314
603 314
603 314
603 314
603 314
603 314
603 314
603 314
603 314
603 314
603 314
603 314
603 314
603 314
603 314
603 314
603 314
603 314
603 314
603 314
603 314
603 314
603 314
603 314
603 314
603 314
603 314
603 314
603 314
603 314
603 314
603 314
603 314
603 314
603 314
603 314
603 314
603 314
603 314
603 314
603 314
603 314
603 314
603 314
603 314
604 203
604 203
604 1254
604 1864
604 1848
605 203
605 203
605 486
605 602
605 965
606 1024
606 2383
606 203
606 203
606 462
606 628
607 257
607 746
607 1226
607 684
607 1966
607 203
607 203
607 614
608 203
608 203
608 314
608 314
608 314
608 314
608 314
608 314
608 314
608 314
608 314
608 314
608 314
608 314
608 314
608 314
608 314
608 314
608 314
608 314
608 314
608 314
608 314
608 314
608 314
608 314
608 314
608 314
608 314
608 314
608 314
608 314
608 314
608 314
608 314
608 314
608 314
608 314
608 314
608 314
608 314
608 314
608 314
608 314
608 314
608 314
608 314
608 314
608 314
608 314
608 314
608 314
608 314
608 314
608 314
608 314
608 314
608 314
608 314
608 314
608 314
608 314
608 314
608 314
608 314
608 314
608 314
608 314
608 314
608 314
608 314
608 314
608 314
608 314
608 314
608 314
608 314
608 314
608 314
608 314
608 314
608 314
608 314
608 314
608 314
608 314
608 314
608 314
608 314
608 314
608 314
608 314
608 314
608 314
608 314
608 314
608 314
608 314
608 314
608 314
608 314
608 314
608 314
608 314
608 314
608 314
608 314
608 314
608 314
608 314
608 314
608 314
608 314
608 314
608 314
608 314
608 314
608 314
608 314
608 314
608 314
608 314
608 314
608 314
608 314
608 314
608 314
608 314
608 314
608 314
608 314
608 314
608 314
608 314
608 314
608 314
608 314
608 314
608 314
608 314
608 314
608 314
608 314
608 314
608 314
608 314
608 314
608 314
608 314
608 314
608 314
608 314
608 314
608 314
608 314
608 314
608 314
608 314
608 314
608 314
608 314
608 314
608 314
608 314
608 314
608 314
608 314
608 314
608 314
608 314
608 314
608 314
608 314
608 314
608 314
608 314
608 314
608 314
608 314
608 314
608 314
608 314
608 314
608 314
608 314
608 314
608 314
608 314
608 314
608 314
608 314
608 314
608 314
608 314
608 314
608 314
608 314
608 314
608 314
608 314
608 314
608 314
608 314
608 314
608 314
608 314
609 203
609 203
609 260
610 801
610 203
610 203
610 700
610 2469
611 203
611 203
611 307
611 2735
612 344
612 203
612 203
612 2217
612 2960
613 203
613 203
613 1334
613 1265
614 224
614 1021
614 203
614 203
614 1968
615 203
615 203
615 550
615 614
615 1895
615 2230
616 250
616 203
616 203
616 708
617 203
617 203
617 485
617 1535
618 203
618 203
618 882
618 1336
618 1855
619 203
619 203
619 889
619 1047
619 1054
619 1134
619 2859
619 1691
620 203
620 203
620 726
620 356
620 404
620 479
620 603
620 898
620 1054
620 1107
620 2186
620 2514
620 2537
621 1749
621 203
621 203
621 1252
621 612
621 3332
621 1139
621 2796
622 203
622 203
622 432
622 791
622 1135
623 203
623 203
623 353
623 793
623 897
624 203
624 203
624 1429
624 2865
625 203
625 203
625 584
625 635
625 1188
626 203
626 203
626 1533
626 1712
626 862
627 257
627 404
627 203
627 203
627 540
627 1618
627 357
628 203
628 203
628 314
628 314
628 314
628 314
628 314
628 314
628 314
628 314
628 314
628 314
628 314
628 314
628 314
628 314
628 314
628 314
628 314
628 314
628 314
628 314
628 314
628 314
628 314
628 314
628 314
628 314
628 314
628 314
628 314
628 314
628 314
628 314
628 314
628 314
628 314
628 314
628 314
628 314
628 314
628 314
628 314
628 314
628 314
628 314
628 314
628 314
628 314
628 314
628 314
628 314
628 314
628 314
628 314
628 314
628 314
628 314
628 314
628 314
628 314
628 314
628 314
628 314
628 314
628 314
628 314
628 314
628 314
628 314
628 314
628 314
628 314
628 314
628 314
628 314
628 314
628 314
628 314
628 314
628 314
628 314
628 314
628 314
628 314
628 314
628 314
628 314
628 314
628 314
628 314
628 314
628 314
628 314
628 314
628 314
628 314
628 314
628 314
628 314
628 314
628 314
628 314
628 314
628 314
628 314
628 314
628 314
628 314
628 314
628 314
628 314
628 314
628 314
628 314
628 314
628 314
628 314
628 314
628 314
628 314
628 314
628 314
628 314
628 314
628 314
628 314
628 314
628 314
628 314
628 314
628 314
628 314
628 314
628 314
628 314
628 314
628 314
628 314
628 314
628 314
628 314
628 314
628 314
628 314
628 314
628 314
628 314
628 314
628 314
628 314
628 314
628 314
628 314
628 314
628 314
628 314
628 314
628 314
628 314
628 314
628 314
628 314
628 314
628 314
628 314
628 314
628 314
628 314
628 314
628 314
628 314
628 314
628 314
628 314
628 314
628 314
628 314
628 314
628 314
628 314
628 314
628 314
628 314
628 314
628 314
628 314
628 314
628 314
628 314
628 314
628 314
628 314
628 314
628 314
628 314
628 314
628 314
628 314
628 314
628 314
628 314
628 314
628 314
628 314
628 314
629 205
629 205
629 1126
629 1247
629 2979
629 3217
629 1778
630 448
630 984
630 1496
630 1519
630 205
630 205
630 601
630 3203
630 3003
630 3429
631 205
631 205
631 718
631 1188
631 1274
631 2077
632 205
632 205
632 355
632 3418
632 3399
633 429
633 205
633 210
633 205
633 210
633 2077
634 205
634 205
634 336
634 1865
634 1558
635 1070
635 205
635 205
635 956
635 1519
635 986
635 378
635 1785
636 328
636 291
636 206
636 206
636 1859
637 2584
637 207
637 207
637 2584
637 815
638 2005
638 1730
638 1635
638 210
638 210
639 1101
639 2862
639 1934
639 210
639 210
640 697
640 1281
640 709
640 210
640 210
640 234
640 1742
641 210
641 210
641 1491
641 2040
641 431
642 210
642 210
642 907
642 1270
642 2431
643 3021
643 210
643 210
643 362
643 1379
643 2040
644 225
644 210
644 210
644 234
644 3341
645 210
645 216
645 210
645 216
645 2717
646 276
646 2077
646 210
646 210
646 1767
646 483
647 1040
647 210
647 210
647 449
647 2197
648 449
648 459
648 210
648 210
648 353
648 1063
648 2209
649 210
649 210
649 862
649 1424
649 3000
650 841
650 1241
650 1650
650 901
650 3383
650 291
650 210
650 210
650 286
651 710
651 642
651 210
651 210
652 210
652 210
652 224
652 1491
652 2040
653 210
653 210
653 1040
653 216
653 216
654 947
654 210
654 216
654 210
654 216
655 210
655 210
655 1666
655 1006
655 3145
656 710
656 341
656 210
656 210
656 1527
657 210
657 210
657 2280
657 216
657 216
658 482
658 210
658 210
658 647
658 308
659 210
659 210
659 234
659 353
659 431
659 883
660 210
660 210
660 364
660 1080
660 1693
660 1202
660 1774
661 257
661 349
661 210
661 210
661 872
662 210
662 210
662 2212
662 1587
662 1891
662 2148
663 211
663 211
663 359
663 2834
663 693
663 1130
663 3450
664 211
664 211
664 371
664 211
664 211
665 212
665 212
665 2382
665 2581
665 3018
665 2728
665 3012
666 213
666 213
666 1049
666 818
666 2004
667 214
667 214
667 614
667 1437
667 2849
668 215
668 215
668 1741
668 486
668 3348
669 958
669 1526
669 2053
669 216
669 216
670 216
670 216
670 793
670 1851
670 1540
671 216
671 216
671 2242
671 676
671 1813
672 216
672 216
672 552
672 1414
672 3465
673 1660
673 872
673 240
673 216
673 216
673 257
674 862
674 216
674 216
674 224
674 1848
674 428
675 450
675 1311
675 1828
675 216
675 216
676 403
676 389
676 1399
676 216
676 216
676 455
676 1760
677 216
677 216
677 301
677 1357
677 1478
677 1568
678 639
678 397
678 216
678 216
678 1957
678 2269
679 216
679 216
679 230
679 233
679 234
680 216
680 216
680 1751
680 1974
680 542
681 216
681 216
681 1308
681 1303
681 695
682 216
682 216
682 2247
682 443
682 1478
683 3111
683 216
683 216
683 414
683 251
684 218
684 1343
684 1563
684 1564
684 2175
685 1101
685 1692
685 1026
685 351
685 218
686 244
686 219
686 1172
686 709
686 1515
687 1708
687 696
687 1131
687 220
687 227
688 244
688 219
688 244
688 3342
689 221
689 239
689 2375
690 220
690 227
690 486
690 1380
690 2147
691 1741
691 225
691 3278
691 2147
691 2255
692 225
692 591
692 2859
692 580
692 2869
693 225
693 396
693 3280
693 1063
693 1352
693 568
693 1191
694 536
694 779
694 228
694 2176
694 2247
695 230
695 507
695 562
695 2451
695 2486
696 231
696 1459
696 702
696 1418
696 1058
696 3419
696 3424
696 2629
697 233
697 431
697 827
697 1040
698 285
698 233
698 234
698 1941
698 2153
699 233
699 393
699 1383
699 2724
699 2059
700 603
700 1146
700 233
700 989
701 234
701 378
701 1307
701 1308
701 1953
701 2635
702 1914
702 3305
702 235
702 2162
703 395
703 242
703 1297
704 243
704 2792
704 259
704 3048
704 1834
705 2052
705 244
706 244
706 428
706 985
706 244
706 1021
707 739
707 244
707 766
707 782
707 2011
708 452
708 244
708 1729
708 1227
708 529
709 302
709 244
709 729
709 1090
709 3044
710 1088
710 930
710 940
710 950
710 1666
710 245
711 356
711 1508
711 1895
711 2090
711 245
711 2169
712 1085
712 1519
712 245
712 1924
712 1505
713 497
713 988
713 1665
713 2648
713 245
714 245
714 3177
714 407
714 702
714 1551
715 555
715 712
715 878
715 1497
715 1776
715 3127
715 906
715 1096
715 1500
715 1580
715 1615
715 1619
715 2346
715 2808
715 1326
715 1411
715 247
715 618
715 912
715 1054
715 2615
715 701
715 3060
715 2246
716 1304
716 248
716 384
716 1875
716 2236
717 330
717 1077
717 1763
717 248
717 646
717 1782
717 1954
717 2805
717 2820
718 248
718 1692
718 549
718 614
718 1143
718 1258
719 248
719 1101
719 1674
719 546
719 3320
720 248
720 1144
720 330
720 1123
720 1174
720 2766
721 250
721 713
721 1102
721 571
722 250
722 530
722 1080
722 1519
722 1854
723 321
723 1363
723 464
723 3127
723 2427
723 251
723 3187
723 1166
723 1163
723 2256
723 1775
723 1796
723 3410
723 904
723 408
723 881
724 253
724 2179
724 1197
724 1999
725 872
725 254
725 526
725 2029
725 270
725 549
726 1097
726 254
726 880
726 1647
726 872
726 2341
726 675
726 748
726 845
726 277
726 1135
726 1354
726 2879
727 872
727 741
727 1282
727 257
727 834
727 2444
727 2477
727 3041
727 3042
728 257
728 900
728 1117
728 1782
728 2781
728 1552
728 3169
728 3422
729 257
729 516
729 643
729 834
729 930
729 1905
730 257
730 751
730 1054
730 1076
730 1802
730 2014
730 1411
730 2994
730 2181
730 1471
731 257
731 294
731 408
731 447
731 503
731 604
731 614
731 638
731 639
731 712
731 915
731 945
731 953
731 982
731 999
731 1005
731 1083
731 1286
731 1567
731 1692
731 1700
731 1981
731 2073
731 2130
731 2331
732 257
732 539
732 834
732 842
732 750
733 257
733 838
733 520
733 557
733 942
733 950
733 1615
734 257
734 280
734 429
734 1091
734 882
735 1692
735 868
735 257
735 1101
735 1681
735 3192
736 412
736 257
736 404
736 410
736 429
736 720
736 408
736 266
736 778
736 843
736 872
736 877
736 1101
736 2414
736 1054
736 3065
737 259
737 258
737 623
737 512
737 1064
738 258
738 747
738 749
738 761
738 1578
739 1716
739 3147
739 259
739 3046
740 403
740 2132
740 1471
740 783
740 541
740 1235
740 260
741 535
741 260
741 812
741 1068
741 2219
742 1054
742 516
742 693
742 1083
742 1500
742 1777
742 1793
742 1793
742 1703
742 488
742 1700
742 503
742 1702
742 1451
742 1627
742 701
742 259
742 1166
742 1455
742 1479
742 2636
742 445
742 1209
743 1130
743 1180
743 1549
743 259
743 364
743 649
744 2449
744 686
744 729
744 1478
744 378
744 873
744 260
745 3181
745 1475
745 2210
745 260
745 719
745 725
745 1187
745 1586
745 3451
745 3461
745 1154
745 660
745 1126
745 1136
745 1290
745 2677
745 1244
746 259
746 1403
746 984
746 2153
746 978
747 260
747 3054
747 1455
747 1521
748 2084
748 1631
748 259
748 1130
748 2751
749 693
749 259
749 723
749 1627
749 445
749 719
749 872
749 899
749 1054
749 1080
749 1130
749 1470
750 445
750 557
750 838
750 889
750 1054
750 1703
750 1905
750 2014
750 757
750 2126
750 3005
750 259
750 274
750 406
750 516
750 693
750 701
750 702
750 850
750 1497
750 1544
750 1773
750 1793
750 1884
751 259
751 503
751 1691
751 1702
751 675
751 910
751 1054
751 3228
752 592
752 917
752 1076
752 259
752 724
752 1054
752 1161
752 1180
752 1188
752 1378
752 2697
752 1700
752 1390
752 1030
752 2025
752 528
752 3393
753 1795
753 261
753 673
753 1113
753 1179
753 2752
754 259
754 516
754 1130
754 1321
754 370
754 3324
755 572
755 259
755 389
755 1206
755 1467
756 1114
756 516
756 1076
756 259
756 1143
756 2010
756 719
757 626
757 780
757 263
757 2489
757 622
757 701
757 2798
757 602
757 723
758 259
758 549
758 516
758 1411
758 2773
759 264
759 1101
759 552
759 1131
759 2010
760 1348
760 264
760 1101
760 603
760 2021
761 265
761 650
761 1263
761 3071
761 676
762 2114
762 266
762 1153
762 1353
763 1258
763 266
763 1068
763 1138
763 1472
763 1620
763 2381
764 3433
764 927
764 999
764 1902
764 364
764 878
764 1016
764 1595
764 1671
764 3064
764 266
764 642
764 723
764 1005
764 2663
764 1012
764 1805
764 1917
764 2356
764 1054
764 1418
764 1599
764 2644
764 2692
764 2887
764 1634
764 1655
764 1395
764 1360
764 1682
764 900
764 1520
764 1627
764 1882
764 893
764 1666
764 1793
764 2184
764 3132
764 3323
764 3373
764 2513
764 2566
764 436
764 688
764 1171
765 267
765 1661
765 2030
765 2093
765 849
766 266
766 2184
766 2350
766 506
766 1117
766 721
766 1143
766 581
767 268
767 1155
767 1198
767 1700
767 667
768 266
768 1129
768 1353
768 1838
768 2468
768 2850
769 693
769 445
769 503
769 516
769 614
769 614
769 847
769 875
769 1045
769 1173
769 1173
769 1692
769 266
769 1166
769 1352
769 1496
769 1627
769 2126
769 13
769 2468
769 3328
769 1500
769 1702
770 639
770 2331
770 2777
770 266
770 562
770 1692
771 266
771 1101
771 1679
771 1788
771 3094
771 1081
772 3072
772 736
772 1276
772 1701
772 266
772 620
772 645
772 898
772 911
772 952
772 1118
772 1123
772 1126
772 1141
772 1143
772 1160
772 1291
772 1609
772 1692
772 1788
772 1905
772 2759
772 3385
772 312
772 713
772 1213
772 2018
772 1326
772 702
772 1762
772 445
772 1595
772 1751
772 2210
773 266
773 1153
773 1157
773 1189
773 1596
773 2325
774 266
774 516
774 616
774 1130
774 1411
774 1469
775 579
775 681
775 1692
775 1905
775 266
775 919
775 1047
775 1054
775 1076
775 2014
775 2349
775 2687
775 638
775 834
775 2758
776 266
776 503
776 614
776 899
776 1054
776 1129
776 1186
776 1481
777 1129
777 2345
777 2744
777 834
777 616
777 266
777 1249
777 702
777 1676
777 1602
778 266
778 1549
778 698
778 2656
778 2210
779 266
779 1741
779 1130
779 1492
779 2965
780 266
780 524
780 614
780 1299
781 733
781 1399
781 2747
781 644
781 693
781 726
781 750
781 1064
781 1077
781 1519
781 269
781 469
781 750
781 1188
781 1073
781 1166
781 1263
781 2831
781 1443
781 1448
781 1674
781 3232
781 2101
781 1260
781 530
781 1147
781 2787
781 1495
782 656
782 3135
782 834
782 269
782 1132
782 1703
782 1707
782 2021
783 270
783 384
783 2356
783 931
783 925
784 271
784 643
784 1134
784 1158
784 1791
785 1477
785 2028
785 1287
785 272
785 1513
785 483
786 272
786 1100
786 1166
786 2342
786 2473
786 3014
787 273
787 330
787 845
787 1306
787 1072
788 330
788 453
788 1077
788 273
788 625
788 1076
788 2256
789 448
789 429
789 2048
789 274
789 2583
790 693
790 2778
790 1817
790 1690
790 274
790 2125
790 2192
791 2528
791 274
791 713
791 3270
791 1211
792 1599
792 274
792 3202
792 532
792 2731
793 340
793 389
793 2847
793 617
793 644
793 274
793 3057
793 2188
793 2990
794 276
794 654
794 748
794 1119
794 3378
795 272
795 594
795 620
795 1547
795 1611
796 277
796 876
796 880
797 1275
797 1239
797 279
797 848
798 280
798 937
798 942
798 2666
798 2670
798 2673
799 1188
799 833
799 399
799 282
799 620
799 1252
799 881
799 930
800 283
800 870
800 2614
800 1879
801 2268
801 286
801 334
801 2564
802 287
802 448
802 554
802 1599
802 2014
802 1181
802 408
802 900
802 1341
802 2607
802 516
802 2397
802 2032
802 1291
802 2770
803 729
803 1191
803 288
803 1873
803 3364
804 1756
804 551
804 1155
804 1885
804 1838
804 3220
804 289
804 749
804 1174
804 1702
805 290
805 1188
805 1627
805 266
805 2520
806 290
806 646
806 1104
806 1114
806 1470
807 1500
807 291
807 1235
807 1627
807 1839
807 1703
807 1707
807 725
807 3439
808 1117
808 291
808 1628
808 932
808 516
809 291
809 1878
809 2138
809 2507
809 2142
810 294
810 915
810 1279
810 2030
810 2348
810 1828
810 1279
810 492
811 490
811 296
811 1048
811 2117
811 385
811 1775
811 2873
811 3038
812 1063
812 296
812 385
812 1048
812 2117
813 299
813 313
813 739
813 831
813 2111
813 2144
814 1310
814 301
814 2637
814 2216
814 934
815 2084
815 526
815 303
815 583
815 1076
815 1692
815 1793
816 304
816 613
816 950
816 972
816 1671
816 513
817 2925
817 330
817 925
817 1080
817 2816
817 248
817 1699
817 305
818 404
818 1139
818 1181
818 2058
818 305
818 757
818 364
819 305
819 988
819 1063
819 1665
819 666
819 3149
819 3155
819 3159
820 1440
820 1587
820 305
820 1671
820 2148
821 1109
821 1923
821 305
821 602
821 1357
822 305
822 309
822 1030
822 1671
822 1805
822 1876
823 1230
823 693
823 2040
823 305
823 1805
824 305
824 506
824 900
824 1282
824 1554
824 2126
824 741
824 3239
825 2802
825 602
825 1101
825 1498
825 308
825 3459
826 1625
826 2921
826 309
826 2244
826 1627
826 1817
826 1030
826 1876
826 3326
826 1109
827 830
827 309
827 1030
827 1473
827 1243
828 516
828 1054
828 1223
828 1499
828 1622
828 2855
828 1101
828 1703
828 547
828 592
828 1331
828 1593
828 2030
828 918
828 985
828 1086
828 2959
828 407
828 1143
828 1165
828 2021
828 3302
828 2499
828 750
828 1782
828 2031
828 3222
828 1793
828 309
828 1130
828 2363
828 3309
828 412
828 1232
828 2987
828 1233
828 1471
828 1584
828 552
828 1707
828 3315
828 1005
828 1261
828 3329
828 427
828 1010
828 1691
828 1413
828 878
829 309
829 563
829 741
829 1298
829 1518
830 462
830 318
830 315
831 316
831 418
831 805
831 806
831 2571
832 750
832 326
832 317
832 2883
832 3163
832 3387
832 617
832 1439
832 1583
832 643
833 318
833 661
833 2501
833 757
833 1245
834 387
834 319
834 348
834 853
834 3051
835 319
835 693
835 834
835 566
835 1130
836 319
836 566
836 947
836 2000
836 1413
837 321
837 1828
837 1866
837 1868
838 322
838 547
838 834
838 1702
838 887
839 549
839 2010
839 1153
839 325
839 2210
839 2220
840 325
840 535
840 619
840 1782
840 967
841 624
841 417
841 451
841 327
842 2787
842 2395
842 573
842 329
842 2412
843 429
843 329
843 744
843 747
843 3063
844 329
844 433
844 516
844 1478
844 2210
844 3452
845 457
845 2460
845 2594
845 1429
845 329
846 718
846 1196
846 329
846 778
846 717
846 2101
846 1841
847 701
847 658
847 875
847 1129
847 1189
847 1353
847 1495
847 887
847 1076
847 3108
847 526
847 878
847 1411
847 1101
847 549
847 329
847 502
847 3070
848 330
848 2953
848 552
848 1161
848 757
849 603
849 3129
849 330
849 565
849 1291
849 3430
849 1251
850 330
850 1071
850 1123
850 1174
850 2331
851 609
851 391
851 331
851 2015
851 334
852 1949
852 330
852 484
852 516
852 2010
852 1134
853 330
853 887
853 1077
853 2587
853 676
853 898
853 1143
854 332
854 1872
854 558
854 1879
854 2284
855 335
855 333
855 568
855 2212
855 2215
856 334
856 711
856 1000
856 1655
856 1324
857 334
857 526
857 853
857 2860
858 337
858 535
858 530
858 1471
858 698
859 337
859 348
859 478
859 1054
859 1696
859 1987
860 338
860 1230
860 1763
860 962
860 1774
861 401
861 364
861 1144
861 1763
861 338
861 2084
861 1230
861 409
861 838
861 2166
861 709
861 3300
862 338
862 743
862 1378
862 1913
863 339
863 962
863 929
863 1109
863 2650
864 339
864 1307
864 1822
864 929
865 971
865 907
865 341
865 2159
866 693
866 364
866 1824
866 341
866 1296
867 341
867 930
867 940
867 950
867 974
868 693
868 341
868 540
868 844
868 870
868 1553
869 344
869 343
869 569
869 741
869 1587
869 2784
869 593
870 482
870 2848
870 346
870 344
870 1305
871 344
871 915
871 772
871 1828
871 1023
872 1552
872 345
872 3447
872 1652
872 1952
872 1165
873 905
873 1268
873 1355
873 1299
873 2608
873 347
873 656
873 900
873 1997
873 2057
873 3106
874 1076
874 809
874 1627
874 347
874 549
874 2955
875 484
875 1018
875 347
875 1645
875 1879
875 2063
876 699
876 1722
876 532
876 2185
876 2078
876 2108
876 2756
876 348
877 780
877 1444
877 1558
877 348
878 348
878 496
878 487
878 579
878 1054
878 1068
878 1196
878 1323
878 1819
878 2343
878 602
879 995
879 2909
879 348
879 3247
879 416
880 3313
880 348
880 3126
880 487
880 1600
880 1840
880 1883
881 1612
881 614
881 754
881 614
881 348
881 2550
882 1548
882 2625
882 348
882 1303
882 2148
883 514
883 3102
883 348
883 1760
883 1927
884 444
884 561
884 348
884 836
884 2060
884 630
885 348
885 2294
885 1016
885 932
886 348
886 506
886 838
886 1097
886 1756
886 2194
886 1687
887 348
887 2444
887 429
887 455
887 503
887 1283
887 819
887 1489
887 2579
887 2934
887 2641
888 352
888 988
888 1012
888 1478
888 1665
888 1666
888 2156
889 1666
889 353
889 1006
889 1534
890 1912
890 353
890 362
890 3152
890 1113
890 234
891 423
891 354
891 2141
891 1267
891 535
891 1442
892 1238
892 354
892 1506
892 2088
892 1506
892 3423
893 2866
893 356
893 983
893 1665
893 1594
894 356
894 2068
894 958
894 1639
894 711
894 981
895 361
895 562
895 1348
895 1802
895 879
896 363
896 3060
896 632
896 845
896 1175
896 3238
897 1155
897 363
897 547
897 1866
898 3020
898 421
898 1503
898 1918
898 2146
898 364
898 445
899 364
899 1071
899 1077
899 1174
899 1675
900 364
900 504
900 510
900 847
900 1161
901 2076
901 364
901 578
901 2475
901 3062
901 2210
902 509
902 726
902 1161
902 2021
902 504
902 364
903 364
903 503
903 552
903 614
903 693
903 790
903 834
903 880
903 1083
903 1101
903 1496
903 1689
903 1700
903 1793
903 1815
903 701
903 889
903 1692
904 2370
904 592
904 364
904 629
904 2487
904 3464
905 1535
905 364
905 948
905 988
905 1745
906 364
906 2029
906 749
906 1056
906 1114
906 1470
906 2040
907 364
907 680
907 664
907 616
907 1317
907 511
908 364
908 502
908 524
908 605
908 1802
909 365
909 712
909 3314
910 370
910 1734
910 3237
910 700
910 3457
910 628
910 189
911 1096
911 370
911 1396
911 1793
911 1114
911 1470
912 687
912 805
912 422
912 370
913 372
913 489
913 636
913 375
913 1305
913 729
913 374
913 1617
913 721
914 377
914 2128
914 2541
914 2547
914 969
914 1233
914 3286
914 3415
915 395
915 807
915 380
915 486
915 1486
915 378
915 3442
916 964
916 378
916 2314
916 2315
916 2733
916 2678
916 957
917 380
917 862
917 2297
917 2319
917 2320
917 2247
918 380
918 2463
918 462
918 2133
919 382
919 780
919 1139
919 1514
919 591
919 2506
919 2604
919 2859
919 620
919 628
919 1188
919 2010
919 2353
919 2458
919 2562
919 2008
920 383
920 1160
920 2843
920 2980
920 509
920 609
921 384
921 1359
921 1502
921 2791
921 2956
922 1775
922 2380
922 2610
922 688
922 702
922 838
922 1437
922 2711
922 1632
922 487
922 384
922 851
922 1364
922 472
922 522
922 1874
922 1487
922 3128
922 3391
923 386
923 1015
923 1771
923 1477
923 1161
923 2583
923 3401
924 387
924 512
924 1106
924 992
924 1005
924 3299
925 1471
925 3292
925 387
925 2465
925 2546
925 2557
925 2838
926 489
926 698
926 387
926 2748
927 387
927 457
927 488
927 1221
928 2286
928 387
928 552
928 589
928 749
929 1093
929 387
929 416
929 540
929 1374
930 389
930 1356
930 909
930 1136
930 691
930 2130
930 592
931 548
931 390
931 433
931 98
931 1410
932 504
932 709
932 834
932 1817
932 1824
932 392
933 596
933 1090
933 767
933 396
933 2410
934 1159
934 398
934 1986
934 816
934 1894
935 953
935 1591
935 2701
935 461
935 399
935 774
935 1134
935 935
935 943
935 630
935 1232
935 434
935 749
935 1760
935 1885
935 494
935 2500
935 609
935 1632
935 1758
935 1196
936 2281
936 400
936 411
936 2019
936 2628
937 627
937 400
937 3413
938 400
938 411
938 916
939 2841
939 400
939 786
939 1660
939 872
940 488
940 402
940 514
940 1545
940 1782
940 2755
941 405
941 612
941 1768
941 1265
941 602
942 503
942 614
942 405
942 889
942 465
942 3449
943 702
943 407
943 2120
943 2129
943 2252
944 765
944 769
944 404
944 487
944 520
944 723
944 1076
944 1239
944 516
944 434
944 725
944 1676
944 733
944 738
944 1378
944 2350
944 429
944 514
944 1954
944 2807
944 2565
944 2699
944 2561
945 702
945 3453
945 408
945 530
945 1080
945 1519
945 3173
946 407
946 1122
946 1671
946 2911
946 3330
946 3384
946 1265
947 613
947 1451
947 408
947 3134
947 1664
947 436
948 408
948 613
948 1054
948 1775
948 563
948 3329
949 838
949 1775
949 408
949 487
949 2154
950 407
950 780
950 845
950 985
950 1073
951 408
951 1247
951 1590
951 1778
951 3225
951 471
951 1660
951 735
952 408
952 1307
952 2845
952 702
952 1130
952 1896
952 3183
952 3275
953 407
953 457
953 540
953 705
953 1400
954 408
954 520
954 1102
954 1765
954 465
955 408
955 3131
955 3269
955 1335
955 1793
955 3236
956 409
956 445
956 486
956 965
956 1085
957 409
957 1010
957 1191
957 1002
957 2025
958 411
958 545
958 889
958 948
958 1054
958 1695
959 412
959 537
959 3100
959 984
959 436
959 1100
959 1500
959 880
959 1647
959 1906
959 516
960 656
960 412
960 591
960 755
960 2859
960 3176
960 3052
960 3054
961 416
961 770
961 1976
961 1478
961 3281
962 418
962 1143
962 2097
962 1456
962 1857
963 424
963 1030
963 34
963 1873
964 424
964 1179
964 1195
964 999
964 1002
965 428
965 1266
965 612
965 600
965 1598
965 3401
965 873
966 428
966 486
966 965
966 486
966 965
967 428
967 2245
967 1205
967 2166
967 2938
968 623
968 428
968 1028
968 1028
968 3082
969 1422
969 428
969 1036
969 1705
969 1507
969 2091
970 428
970 1616
970 1076
970 1344
970 1398
971 1078
971 428
971 1304
971 1450
971 862
971 604
971 2232
971 2400
972 756
972 2633
972 3213
972 429
972 1101
972 2110
972 2246
972 461
972 751
972 2713
972 2984
972 3053
972 3250
972 457
972 1969
972 2083
972 2271
972 3412
972 3469
972 1280
972 2948
972 1666
972 1682
972 771
973 746
973 759
973 1812
973 2827
973 429
974 1085
974 1761
974 429
974 545
974 3219
975 429
975 487
975 2398
975 528
975 1134
975 3295
975 2824
975 2633
975 1174
976 429
976 1975
976 463
976 1212
976 809
976 2179
977 429
977 1249
977 1464
977 1744
977 3041
977 892
978 516
978 2010
978 429
978 1752
978 693
978 2186
978 1691
979 872
979 429
979 784
979 520
979 2030
979 3277
979 2519
980 1153
980 437
980 875
980 1138
980 1258
980 1180
980 2042
980 2429
980 470
981 438
981 1296
981 2870
981 755
982 614
982 439
982 517
982 526
982 1123
982 3319
982 1072
983 1625
983 440
984 440
984 660
984 663
984 753
984 676
984 2107
984 3118
985 440
985 1017
985 1147
985 1649
986 872
986 917
986 568
986 1644
986 441
987 574
987 1707
987 1841
987 525
987 1626
987 445
988 445
988 617
988 692
988 3141
988 3210
988 3411
989 445
989 520
989 547
989 656
989 750
989 1005
989 1054
989 1063
989 1107
989 1121
989 1134
989 1453
989 1632
989 1666
989 1782
989 1892
989 1917
989 954
989 2690
989 1500
989 3017
989 1702
989 3180
989 1707
989 3208
989 3310
989 3329
989 3381
990 445
990 2496
990 1144
990 1681
990 2533
991 447
991 1239
991 3079
991 2977
991 3360
992 448
992 638
992 878
992 888
992 1008
992 1143
993 448
993 1046
993 2871
994 1488
994 3397
994 452
994 719
994 1852
995 454
995 456
995 2415
995 2416
995 2517
996 867
996 2964
996 720
996 614
996 3172
996 455
997 457
997 1480
997 1400
997 1401
998 457
998 1098
998 1141
998 1400
998 1970
999 457
999 654
999 749
999 1248
999 846
1000 458
1000 1062
1000 1342
1000 2170
1001 1587
1001 1973
1001 457
1001 1221
1001 1480
1002 457
1002 590
1002 3143
1002 862
1002 3463
1003 457
1003 506
1003 621
1003 628
1003 1090
1004 526
1004 457
1004 520
1004 1744
1004 1399
1005 460
1005 1191
1005 1591
1005 1922
1005 2161
1005 2159
1006 657
1006 463
1006 1741
1006 486
1006 2150
1007 463
1007 1639
1007 2095
1007 1704
1007 2204
1008 1819
1008 2920
1008 1818
1008 712
1008 2828
1008 3337
1008 1097
1008 2887
1008 464
1008 2906
1008 2246
1008 2116
1008 919
1008 986
1008 1149
1008 1408
1008 1446
1008 2891
1008 2908
1008 1369
1008 3162
1008 988
1008 1487
1008 1516
1008 1656
1008 1666
1008 1842
1008 2075
1008 959
1008 2895
1008 1368
1008 1971
1009 466
1009 1559
1009 1570
1009 1533
1009 2131
1010 983
1010 467
1010 958
1010 3274
1010 2095
1011 1966
1011 2321
1011 468
1011 2279
1011 1962
1011 2195
1012 501
1012 659
1012 1795
1012 3010
1012 468
1012 2510
1012 1113
1013 1384
1013 1472
1013 1770
1013 468
1013 1228
1013 1754
1014 3115
1014 1166
1014 1679
1014 471
1014 2576
1015 472
1015 1721
1016 1725
1016 702
1016 473
1016 862
1016 1427
1017 2450
1017 621
1017 611
1017 628
1017 533
1017 474
1018 488
1018 1169
1018 1220
1018 476
1018 519
1018 878
1018 1455
1018 1732
1019 476
1019 622
1019 1352
1019 2488
1019 1090
1019 2113
1020 881
1020 1120
1020 1185
1020 526
1020 1326
1020 2896
1020 3080
1020 3045
1020 764
1020 1188
1020 608
1020 479
1021 479
1021 1027
1021 3379
1021 3396
1021 2923
1021 1511
1022 1714
1022 1766
1022 1789
1022 481
1022 828
1022 1566
1023 527
1023 482
1024 482
1024 792
1024 1677
1024 1679
1024 3273
1025 720
1025 724
1025 483
1026 484
1026 539
1026 535
1026 547
1026 604
1026 845
1026 872
1026 1175
1027 616
1027 834
1027 688
1027 484
1027 845
1028 882
1028 1875
1028 2231
1028 486
1028 2150
1029 486
1029 965
1029 2112
1029 486
1029 965
1030 2250
1030 486
1030 965
1030 486
1030 965
1031 861
1031 486
1031 965
1031 998
1032 486
1032 965
1032 1742
1032 1798
1032 1334
1033 486
1033 965
1033 1082
1033 1103
1033 1966
1034 486
1034 1071
1034 1077
1034 1399
1034 1418
1034 2210
1034 2763
1034 3049
1035 486
1035 486
1035 965
1035 2039
1035 2200
1036 486
1036 486
1036 965
1036 2027
1036 2112
1036 1541
1037 1774
1037 486
1037 1983
1037 1952
1037 1952
1038 486
1038 965
1038 486
1038 2178
1038 2973
1039 988
1039 486
1039 969
1039 2643
1040 486
1040 965
1040 706
1040 2147
1041 800
1041 1053
1041 1483
1041 3006
1041 3036
1041 486
1042 486
1042 965
1042 1305
1042 832
1042 3095
1043 486
1043 1860
1043 2072
1043 1893
1043 2243
1044 486
1044 863
1044 1951
1044 1244
1044 1078
1045 486
1045 1741
1045 1893
1045 2147
1045 1952
1046 486
1046 965
1046 486
1046 965
1047 1305
1047 486
1047 965
1047 3289
1047 1858
1048 486
1048 608
1048 875
1048 583
1048 2685
1048 1035
1049 702
1049 3211
1049 487
1049 1165
1050 2010
1050 2359
1050 488
1050 1195
1050 2393
1051 1230
1051 1763
1051 1015
1051 1143
1051 1054
1051 488
1051 999
1051 1627
1051 1030
1052 488
1052 2326
1052 741
1052 1282
1052 1275
1053 1907
1053 649
1053 491
1053 1762
1053 535
1054 493
1054 913
1054 1244
1054 2023
1054 2024
1055 493
1055 930
1055 940
1055 950
1055 1009
1056 493
1056 911
1056 2071
1056 526
1056 2170
1057 2084
1057 2264
1057 875
1057 1813
1057 496
1058 1054
1058 2634
1058 2014
1058 1793
1058 496
1058 2130
1059 498
1059 915
1059 1828
1059 2131
1059 1621
1059 2823
1060 1473
1060 538
1060 1078
1060 499
1060 1080
1060 1873
1060 3185
1061 1747
1061 2620
1061 503
1061 2210
1062 1064
1062 503
1062 1130
1062 1364
1062 2210
1063 503
1063 549
1063 1101
1063 1519
1064 503
1064 616
1064 1064
1064 1367
1064 1702
1065 845
1065 503
1065 2426
1066 503
1066 872
1066 889
1066 1130
1066 1161
1066 3214
1066 1321
1067 1916
1067 1922
1067 506
1067 628
1067 1188
1067 2127
1067 2221
1068 592
1068 1536
1068 3164
1068 506
1069 573
1069 506
1069 621
1069 628
1069 3276
1070 506
1070 592
1070 1455
1070 1521
1071 1161
1071 506
1071 628
1071 709
1071 1251
1071 2007
1072 506
1072 628
1072 2884
1072 2893
1072 1080
1072 1519
1072 3039
1072 3226
1072 3339
1073 603
1073 612
1073 2957
1073 784
1073 506
1074 628
1074 509
1074 1199
1074 2752
1075 1131
1075 824
1075 1191
1075 513
1075 716
1075 2508
1075 2526
1075 536
1075 749
1076 878
1076 514
1076 975
1076 2007
1077 515
1077 2209
1077 2220
1077 1362
1077 2915
1078 514
1078 930
1078 940
1078 950
1078 1131
1079 514
1079 745
1079 838
1079 1685
1079 850
1079 1948
1079 976
1079 969
1080 1054
1080 1837
1080 3180
1080 1707
1080 3214
1080 516
1080 1702
1081 518
1081 604
1081 1047
1081 1116
1082 954
1082 1836
1082 1929
1082 2640
1082 2691
1082 516
1082 767
1083 514
1083 519
1083 592
1083 1085
1083 1259
1083 1762
1083 1458
1083 1397
1083 1919
1084 615
1084 1101
1084 519
1084 2654
1085 519
1085 709
1085 1455
1085 1606
1085 1432
1086 520
1086 770
1086 2972
1086 3331
1087 516
1087 790
1087 1689
1087 516
1087 1868
1088 2448
1088 516
1088 1519
1088 524
1088 1586
1088 724
1089 522
1089 1096
1089 1304
1089 1599
1089 2786
1089 1305
1090 516
1090 790
1090 1256
1090 1492
1090 1897
1090 117
1091 1471
1091 525
1091 1719
1091 1637
1091 3110
1092 1549
1092 1226
1092 1228
1092 1543
1092 526
1092 1101
1093 1906
1093 526
1093 1679
1093 1228
1093 3078
1094 1793
1094 562
1094 526
1094 1129
1094 1353
1095 516
1095 1080
1095 1399
1095 1304
1095 1918
1095 2178
1096 880
1096 1519
1096 526
1096 2466
1096 3415
1097 656
1097 516
1097 668
1097 744
1097 747
1097 873
1097 1141
1097 1164
1097 1236
1097 1332
1097 507
1097 2688
1097 3174
1097 3122
1098 526
1098 1163
1098 2345
1098 2428
1098 1129
1098 2814
1098 2856
1098 2867
1098 1353
1098 3127
1098 3236
1098 2037
1098 2744
1098 1186
1099 526
1099 1089
1099 1129
1099 1153
1099 1353
1099 2345
1099 1189
1100 516
1100 2010
1100 1131
1100 1665
1100 2110
1100 579
1100 1054
1100 2014
1100 936
1100 664
1101 530
1101 1080
1101 1185
1101 1519
1101 1586
1101 2929
1102 592
1102 2126
1102 516
1102 526
1102 1101
1103 1228
1103 2449
1103 530
1103 1586
1103 1519
1103 1153
1103 1692
1103 729
1103 766
1103 3050
1103 2818
1104 1198
1104 2509
1104 532
1104 1136
1104 1063
1105 516
1105 616
1105 693
1105 790
1105 1130
1106 534
1106 1452
1106 1475
1106 1627
1106 1143
1107 1848
1107 618
1107 535
1107 2210
1107 1962
1107 2100
1108 603
1108 1147
1108 1080
1108 1519
1108 1693
1108 535
1109 516
1109 1399
1109 1410
1109 616
1109 693
1109 1130
1109 1731
1110 1309
1110 1411
1110 2976
1110 526
1110 1101
1110 1386
1111 526
1111 1186
1111 1189
1111 2814
1112 516
1112 710
1112 1197
1112 3084
1112 462
1113 535
1113 547
1113 616
1113 1490
1113 2210
1113 2219
1114 668
1114 670
1114 722
1114 1154
1114 526
1114 698
1114 719
1114 644
1114 651
1114 549
1114 1341
1114 2491
1114 1727
1115 1535
1115 539
1115 547
1115 626
1115 3459
1116 2592
1116 526
1116 654
1116 835
1116 1301
1116 1471
1117 541
1117 597
1117 605
1117 873
1117 1080
1117 1235
1117 1802
1118 1946
1118 2044
1118 1726
1118 776
1118 543
1119 541
1119 1064
1119 1180
1119 1519
1119 1066
1120 663
1120 540
1120 676
1120 919
1120 1087
1120 3058
1120 2164
1121 940
1121 1926
1121 930
1121 950
1121 543
1122 549
1122 1129
1122 1183
1122 526
1122 2812
1122 3053
1123 1402
1123 1342
1123 544
1123 3349
1124 545
1124 2613
1124 784
1124 2430
1124 2213
1125 1908
1125 547
1125 539
1125 1382
1126 584
1126 701
1126 1188
1126 549
1126 693
1126 719
1127 2322
1127 1351
1127 2740
1127 549
1127 875
1127 1734
1128 1076
1128 549
1128 1228
1128 1396
1128 3094
1129 779
1129 1762
1129 1072
1129 1071
1129 553
1129 1205
1129 1782
1129 2754
1130 1054
1130 1695
1130 552
1130 1627
1130 701
1130 1793
1130 1694
1130 1963
1130 2170
1130 1666
1130 3180
1130 1758
1130 3254
1130 1839
1130 1884
1130 3325
1130 1906
1130 1997
1130 3426
1130 3436
1131 552
1131 875
1131 607
1131 1156
1132 559
1132 604
1132 1385
1132 1873
1132 2211
1132 3434
1133 561
1133 1602
1133 2704
1133 1637
1133 3186
1134 723
1134 719
1134 2864
1134 2020
1134 562
1134 575
1135 1339
1135 1222
1135 564
1135 1666
1136 567
1136 771
1136 771
1136 2012
1136 3370
1137 569
1137 1631
1137 1334
1137 2079
1137 1396
1138 568
1138 1198
1138 1818
1138 2954
1138 1478
1139 623
1139 568
1139 871
1139 622
1139 812
1139 790
1139 1570
1140 2446
1140 571
1140 592
1140 2011
1140 2013
1141 573
1141 882
1141 1390
1141 2523
1141 1751
1142 2706
1142 573
1142 620
1142 880
1142 882
1142 988
1142 1074
1142 1193
1142 1291
1142 1357
1142 1500
1142 1561
1142 2018
1142 2768
1142 2800
1142 1703
1143 576
1143 1853
1143 1729
1143 3151
1143 623
1144 3109
1144 1556
1144 580
1144 2057
1144 2351
1144 1607
1145 578
1145 1132
1145 645
1145 845
1145 632
1146 579
1146 579
1146 614
1146 1681
1146 1707
1146 1908
1147 718
1147 1188
1147 1196
1147 584
1147 770
1148 585
1148 585
1148 818
1148 2267
1148 2480
1149 586
1149 1167
1149 1524
1149 3023
1149 1266
1150 593
1150 772
1150 776
1151 2860
1151 595
1151 1529
1151 1077
1151 1324
1152 2084
1152 1818
1152 1665
1152 1063
1152 599
1152 2917
1153 1828
1153 498
1153 600
1153 1524
1153 2370
1153 383
1153 2593
1154 2021
1154 1784
1154 2027
1154 1746
1154 602
1155 995
1155 1775
1155 2380
1155 601
1155 1614
1155 2045
1156 603
1156 612
1156 2021
1156 3037
1157 603
1157 874
1157 1710
1158 602
1158 1455
1158 2076
1158 2832
1158 3369
1159 1449
1159 1054
1159 606
1159 682
1160 1120
1160 1185
1160 844
1160 870
1160 604
1161 720
1161 1251
1161 1410
1161 592
1161 2233
1162 611
1162 708
1162 1793
1162 1072
1162 1077
1162 737
1163 602
1163 1535
1163 2371
1163 2806
1164 1396
1164 615
1164 978
1164 984
1164 1672
1165 616
1165 1707
1165 1971
1165 1828
1165 1047
1165 3133
1166 616
1166 616
1166 762
1166 835
1166 1947
1167 614
1167 904
1167 1084
1167 1166
1167 1203
1168 617
1168 644
1168 654
1168 692
1168 750
1169 616
1169 2470
1169 834
1169 1208
1169 1388
1170 592
1170 622
1170 1699
1170 1885
1170 729
1170 1165
1171 619
1171 212
1171 1345
1171 1632
1172 620
1172 1096
1172 1609
1172 620
1172 1736
1172 1782
1173 1751
1173 2207
1173 1954
1173 619
1174 1731
1174 1253
1174 1265
1174 619
1175 1131
1175 619
1175 1082
1175 1731
1175 1076
1176 620
1176 1105
1176 2555
1176 2877
1176 1557
1177 1349
1177 620
1177 1096
1177 1139
1177 801
1178 620
1178 1152
1178 2738
1179 614
1179 2600
1179 1224
1179 2203
1180 620
1180 2616
1180 1074
1180 1289
1181 1474
1181 889
1181 1264
1181 1659
1181 614
1181 1101
1181 1500
1182 1503
1182 622
1182 1504
1182 1598
1182 3401
1183 1090
1183 622
1183 1663
1183 2076
1183 519
1183 1352
1184 620
1184 1096
1184 1609
1184 1854
1184 1750
1185 614
1185 968
1185 1193
1185 1627
1185 1134
1186 958
1186 623
1186 1392
1186 267
1187 623
1187 707
1187 825
1187 1102
1187 291
1187 946
1187 968
1188 623
1188 3308
1189 2887
1189 623
1189 1571
1189 1977
1190 623
1190 871
1190 880
1190 2793
1190 3138
1191 623
1191 1228
1191 1543
1191 3243
1191 1751
1192 614
1192 693
1192 1444
1192 2327
1192 3259
1192 2926
1193 2330
1193 1787
1193 626
1193 632
1193 2661
1194 629
1194 2486
1194 2732
1194 1412
1195 628
1195 709
1195 1522
1195 2624
1195 1817
1196 765
1196 630
1196 1154
1196 1165
1196 1781
1197 633
1197 711
1197 2357
1197 2561
1197 2978
1197 2275
1198 1063
1198 2794
1198 634
1198 710
1198 3371
1199 739
1199 1829
1199 718
1199 634
1199 640
1200 1642
1200 628
1200 756
1200 1292
1200 1807
1201 639
1201 1795
1201 737
1201 1675
1201 791
1201 1626
1201 1113
1201 1109
1201 1155
1201 1453
1201 643
1201 3146
1202 1060
1202 1296
1202 2211
1202 3007
1202 644
1202 1857
1202 2367
1202 2478
1202 1126
1202 1456
1203 1750
1203 639
1203 1478
1203 1866
1203 2839
1204 646
1204 1104
1204 1136
1204 1955
1204 3170
1205 1333
1205 644
1205 654
1205 748
1205 750
1205 1119
1205 1454
1206 1021
1206 3307
1206 648
1206 1507
1206 963
1207 1577
1207 651
1207 654
1207 750
1207 1154
1207 1917
1207 2040
1207 2872
1207 2875
1208 651
1208 1154
1208 2318
1208 1750
1208 2789
1209 652
1209 882
1209 1366
1209 1434
1209 1644
1209 364
1209 505
1209 1455
1209 2126
1210 1386
1210 1477
1210 1149
1210 654
1210 2929
1210 1185
1210 1134
1210 1119
1210 1917
1211 659
1211 757
1211 1330
1211 1642
1211 756
1211 1828
1211 1466
1211 1195
1212 662
1212 673
1212 1842
1212 1195
1213 1920
1213 663
1213 671
1213 1851
1213 1171
1213 2550
1213 2219
1214 663
1214 671
1214 686
1214 728
1214 1196
1214 2531
1215 665
1215 2502
1215 3154
1216 1176
1216 666
1216 2065
1216 748
1217 663
1217 2813
1217 3043
1217 1191
1217 1715
1218 665
1218 678
1218 2660
1218 2551
1218 1199
1218 2030
1219 669
1219 683
1219 1624
1219 750
1219 1113
1219 261
1219 1561
1220 672
1220 1579
1220 2229
1220 1795
1220 1842
1221 1144
1221 674
1221 1101
1221 1200
1221 1143
1222 1569
1222 1570
1222 676
1222 1842
1222 2505
1223 879
1223 1344
1223 1395
1223 1529
1223 675
1223 1361
1224 677
1224 676
1224 1128
1224 1150
1224 1911
1225 679
1225 1406
1225 3241
1225 1408
1226 679
1226 682
1226 743
1226 1357
1226 759
1227 682
1227 2969
1228 2846
1228 675
1228 2227
1228 3265
1228 3048
1229 1065
1229 684
1229 973
1229 2671
1229 2988
1230 690
1230 858
1230 822
1230 839
1230 1031
1230 3390
1231 690
1231 1900
1231 791
1231 1427
1231 2047
1232 1173
1232 1500
1232 1627
1232 1707
1232 3328
1232 2126
1232 693
1232 452
1233 1076
1233 693
1233 1130
1233 1519
1233 1586
1233 2210
1233 541
1233 605
1234 693
1234 280
1234 2929
1234 3070
1234 1232
1235 693
1235 719
1235 2208
1235 3175
1236 1807
1236 756
1236 1364
1236 1295
1236 693
1236 1130
1237 693
1237 2936
1237 880
1237 872
1237 3437
1237 1956
1238 693
1238 1130
1238 2210
1238 2205
1238 1479
1239 693
1239 2998
1239 1100
1239 2193
1239 2618
1240 693
1240 1317
1240 1469
1240 1130
1240 1180
1241 699
1241 416
1241 540
1241 1098
1242 698
1242 702
1242 2741
1242 872
1242 880
1242 3260
1242 506
1243 698
1243 718
1243 2490
1243 2335
1243 1520
1243 2133
1244 701
1244 1054
1244 1707
1244 3172
1244 2609
1244 1232
1244 2032
1244 2239
1244 1277
1244 3114
1244 2150
1244 3435
1245 2846
1245 1838
1245 2058
1245 702
1245 3312
1245 1113
1246 1172
1246 1201
1246 1227
1246 702
1246 1463
1247 703
1247 1048
1247 2117
1247 385
1247 1063
1248 704
1248 1438
1248 2069
1248 2253
1248 576
1248 2631
1249 731
1249 724
1249 1161
1249 709
1250 1767
1250 1897
1250 711
1250 966
1250 1995
1251 709
1251 1382
1251 1691
1251 1855
1251 2365
1252 882
1252 2523
1252 712
1252 1826
1252 1833
1253 1673
1253 1782
1253 1849
1253 2638
1253 1352
1253 716
1253 1487
1254 717
1254 739
1254 1274
1254 2160
1254 1827
1255 712
1255 1637
1255 2169
1255 2040
1255 3189
1256 839
1256 152
1256 718
1256 1188
1256 2062
1257 1076
1257 2840
1257 712
1257 871
1257 1129
1257 1155
1257 2008
1257 1451
1257 1697
1257 735
1257 2649
1258 719
1258 879
1258 904
1258 906
1258 1104
1258 2017
1258 2766
1258 3108
1258 3380
1259 720
1259 1872
1259 1879
1259 2323
1260 1217
1260 718
1260 1894
1260 1188
1261 723
1261 1437
1261 2746
1261 3083
1261 2440
1262 723
1262 1871
1262 1519
1262 1586
1262 541
1262 2695
1262 2494
1263 2014
1263 724
1263 1054
1263 1707
1263 1703
1264 718
1264 1188
1264 1828
1264 2949
1264 3234
1265 1188
1265 2627
1265 3353
1265 728
1265 2230
1266 729
1266 1265
1266 1013
1266 925
1266 2011
1267 2263
1267 730
1267 1375
1268 729
1268 1762
1268 766
1268 1023
1268 2734
1269 734
1269 1188
1269 363
1269 953
1269 873
1269 3090
1269 3146
1269 845
1270 1076
1270 1101
1270 1619
1270 735
1270 1302
1270 1793
1271 1828
1271 735
1271 1183
1271 1773
1271 1793
1271 1748
1271 1845
1272 740
1272 2454
1272 2853
1272 3428
1273 743
1273 1092
1273 3045
1273 1767
1274 744
1274 747
1274 1967
1274 2982
1275 744
1275 747
1275 1149
1275 1141
1275 1329
1276 744
1276 749
1276 1099
1276 1481
1276 89
1276 138
1276 2426
1277 1107
1277 2542
1277 1670
1277 747
1277 732
1278 1646
1278 3368
1278 750
1279 1649
1279 2157
1279 757
1279 2589
1280 819
1280 1107
1280 760
1280 1218
1280 3125
1281 1667
1281 2058
1281 760
1281 3161
1282 762
1282 2509
1282 1870
1282 2250
1282 1855
1283 763
1283 1994
1283 1002
1283 1013
1283 1659
1284 2461
1284 770
1284 853
1284 1143
1285 772
1285 2011
1285 915
1285 1731
1285 1652
1286 1076
1286 1631
1286 811
1286 773
1286 2493
1286 1610
1286 375
1287 1828
1287 776
1287 1940
1287 438
1288 1570
1288 3099
1288 776
1288 1507
1288 2089
1289 936
1289 969
1289 2639
1289 777
1289 1853
1290 780
1290 1073
1290 1110
1290 1175
1290 1647
1290 2747
1291 782
1291 3165
1291 1982
1291 908
1291 2530
1292 850
1292 2503
1292 784
1292 1706
1292 3218
1293 1073
1293 2961
1293 784
1293 2237
1294 784
1294 1174
1294 1185
1294 2766
1294 1548
1294 878
1295 787
1295 1794
1295 1144
1295 1170
1296 789
1296 2578
1297 794
1297 2605
1297 2937
1297 3033
1297 3179
1297 3285
1298 795
1298 2652
1298 925
1298 1595
1298 1598
1298 2698
1299 797
1299 2567
1299 3056
1299 3055
1300 799
1300 800
1300 802
1300 803
1300 2595
1301 1460
1301 1460
1301 814
1301 3024
1302 1745
1302 1986
1302 1790
1302 1984
1302 2108
1302 816
1303 1304
1303 1450
1303 1986
1303 816
1303 428
1304 816
1304 1035
1304 1034
1304 1507
1304 2091
1305 828
1305 2039
1305 1893
1305 1505
1305 1185
1306 834
1306 1604
1306 3206
1306 1692
1306 1101
1306 1316
1307 838
1307 3177
1307 850
1307 1982
1307 3162
1308 842
1308 1824
1308 1839
1308 1404
1309 1229
1309 845
1309 1073
1309 1110
1309 1175
1310 1575
1310 1073
1310 845
1310 1648
1311 875
1311 1793
1311 845
1311 1186
1311 2110
1311 1305
1312 847
1312 2127
1312 1997
1313 1013
1313 2020
1313 2657
1313 1550
1313 3362
1313 850
1313 1238
1313 3372
1314 1054
1314 1206
1314 1218
1314 1689
1314 1209
1314 3329
1314 2132
1314 850
1315 1906
1315 1345
1315 2361
1315 2539
1315 850
1316 1449
1316 1828
1316 3240
1316 878
1316 850
1316 2566
1317 1440
1317 852
1317 1030
1317 3311
1317 271
1318 1863
1318 856
1318 1993
1318 2087
1318 2247
1318 3427
1319 1269
1319 1772
1319 1085
1319 856
1319 2087
1320 1995
1320 857
1320 1899
1320 1058
1320 1484
1321 1704
1321 1305
1321 862
1321 2721
1321 3420
1322 862
1322 2596
1322 3358
1322 1464
1322 16
1322 1869
1323 1064
1323 1130
1323 871
1324 1235
1324 2018
1324 1254
1324 405
1324 876
1324 2831
1324 872
1325 872
1325 880
1325 1115
1325 1185
1325 2793
1325 1647
1326 872
1326 880
1326 1175
1326 1647
1326 2066
1327 1068
1327 1094
1327 1689
1327 1697
1327 1698
1327 1839
1327 3172
1327 874
1327 1517
1327 2626
1327 3103
1328 872
1328 1573
1328 1680
1328 3355
1328 2117
1329 872
1329 1444
1329 1935
1329 2968
1330 874
1330 2014
1330 1607
1330 2540
1331 876
1331 1884
1331 3066
1331 1970
1332 991
1332 999
1332 1014
1332 3431
1332 878
1332 1537
1333 1072
1333 1171
1333 1632
1333 2380
1333 878
1334 2557
1334 880
1334 3032
1335 2399
1335 880
1335 1175
1335 1444
1335 2001
1335 2793
1335 1148
1336 2842
1336 880
1336 1434
1337 882
1337 1336
1337 1819
1337 2389
1337 2474
1337 2521
1338 1856
1338 1423
1338 885
1338 2177
1338 1523
1339 893
1339 1398
1339 1778
1339 2199
1339 3454
1340 2423
1340 915
1340 2131
1340 1828
1340 893
1340 1979
1340 3182
1341 900
1341 1341
1341 547
1341 604
1341 1490
1342 900
1342 1134
1342 1341
1342 2166
1342 1200
1343 2591
1343 904
1343 1203
1343 3445
1343 3016
1343 1472
1343 549
1343 2810
1344 904
1344 1775
1344 1639
1344 3157
1345 2311
1345 1234
1345 2253
1345 907
1345 1270
1346 914
1346 1110
1346 1252
1346 2130
1346 2817
1347 1190
1347 1457
1347 915
1347 2131
1347 1828
1347 1148
1348 920
1348 938
1348 1195
1348 1757
1348 2447
1348 1125
1349 926
1349 2665
1349 970
1349 988
1349 1665
1349 925
1350 2630
1350 928
1350 1014
1350 2696
1350 1120
1351 928
1351 946
1351 2688
1352 930
1352 950
1352 1009
1352 1005
1352 2774
1353 1598
1353 1893
1353 930
1353 940
1353 950
1354 1665
1354 931
1354 1012
1354 1658
1354 972
1354 1595
1354 1002
1355 930
1355 940
1355 950
1355 999
1355 2568
1356 930
1356 940
1356 950
1356 972
1356 1009
1357 930
1357 936
1357 940
1357 948
1357 950
1357 990
1357 1659
1357 1001
1358 933
1358 969
1358 976
1358 1028
1358 1028
1359 925
1359 1002
1359 1598
1359 1659
1359 2642
1359 1005
1359 1666
1359 2672
1359 961
1360 936
1360 948
1360 1131
1360 2362
1360 931
1361 937
1361 1016
1361 942
1361 2670
1361 2673
1362 937
1362 942
1362 1016
1362 2670
1362 2673
1363 940
1363 930
1363 950
1363 1009
1363 535
1364 2750
1364 940
1364 1615
1364 2249
1364 2928
1364 3345
1365 940
1365 950
1365 974
1365 1666
1366 974
1366 940
1366 950
1366 1009
1366 2668
1367 1198
1367 993
1367 1000
1367 1340
1367 1364
1367 940
1368 1172
1368 1201
1368 1227
1368 1231
1368 944
1369 1565
1369 948
1369 1203
1369 1666
1369 2992
1370 2981
1370 1471
1370 1598
1370 1654
1370 949
1370 988
1370 2246
1371 949
1371 1724
1371 2776
1372 951
1372 1035
1372 1921
1372 2232
1373 1000
1373 959
1373 1562
1373 2659
1373 3279
1374 961
1374 1008
1374 1666
1374 586
1374 2927
1375 2403
1375 1666
1375 963
1375 1775
1375 2658
1376 969
1376 976
1376 1011
1376 1338
1376 3382
1376 1627
1376 2484
1377 977
1377 1000
1377 1001
1377 1598
1377 1659
1377 2642
1377 3041
1378 1010
1378 2648
1378 990
1379 2146
1379 988
1379 1013
1379 1666
1379 2683
1379 1659
1380 3329
1380 991
1380 1784
1380 1615
1381 1654
1381 1598
1381 1659
1381 988
1381 1204
1382 1004
1382 988
1382 992
1382 1855
1383 988
1383 2702
1383 1598
1383 1659
1383 3297
1384 988
1384 1071
1384 1077
1384 1095
1384 1174
1384 1665
1384 2401
1385 1000
1385 982
1385 993
1385 2919
1385 3142
1385 3158
1386 1004
1386 1859
1386 2278
1387 1004
1387 1005
1387 3261
1387 976
1387 2198
1388 1005
1388 2249
1388 940
1388 2672
1388 961
1389 2931
1389 1005
1389 1666
1389 2825
1389 3156
1390 1010
1390 969
1390 2683
1391 1180
1391 1010
1391 2811
1391 1880
1392 1005
1392 1666
1392 1757
1392 1133
1392 3306
1393 1013
1393 1368
1393 2895
1393 2905
1394 1304
1394 1450
1394 1028
1394 2050
1394 1755
1395 1038
1395 1043
1395 1161
1395 1889
1395 586
1396 1692
1396 1101
1396 1793
1396 1731
1396 1040
1396 2096
1396 2143
1396 3467
1397 1041
1397 2515
1397 2718
1397 3013
1397 3304
1398 1041
1398 1050
1398 1421
1398 2435
1398 2515
1398 2710
1398 2718
1398 2719
1399 3283
1399 1930
1399 2004
1399 2092
1399 1985
1399 1049
1400 1051
1400 1069
1400 1581
1400 1668
1400 1686
1400 1688
1400 3167
1400 3230
1400 3271
1400 1814
1401 1080
1401 1135
1401 2009
1401 1052
1401 1739
1401 1365
1402 3471
1402 1054
1402 1627
1402 1873
1402 1707
1403 1054
1403 1344
1403 1451
1404 1054
1404 1126
1404 1456
1404 1285
1404 1817
1405 1060
1405 1609
1405 1876
1405 1786
1405 2646
1405 2680
1405 3200
1406 1063
1406 2151
1406 1385
1406 520
1407 3015
1407 3180
1407 1598
1407 1066
1407 1658
1407 1681
1407 2759
1408 1068
1408 1472
1408 910
1408 1704
1408 3466
1409 1071
1409 1077
1409 1095
1409 1174
1409 1185
1410 1181
1410 1075
1410 1129
1410 1353
1410 1470
1410 2850
1410 2918
1410 2037
1411 1077
1411 1711
1411 1797
1411 1116
1411 1174
1412 1080
1412 1881
1412 1521
1412 1793
1412 503
1412 525
1412 1072
1412 1186
1412 1259
1412 1782
1413 1873
1413 1080
1413 3352
1414 1241
1414 1378
1414 1084
1414 1203
1415 1085
1415 544
1415 1194
1415 1264
1415 2851
1415 2876
1416 3350
1416 1090
1416 1252
1416 2221
1416 1574
1417 1235
1417 1101
1417 1692
1417 2881
1418 1101
1418 1683
1418 1788
1418 1793
1418 2764
1419 1114
1419 1472
1419 1793
1419 2328
1420 1116
1420 1185
1420 1120
1421 1085
1421 1173
1421 2147
1421 2161
1421 2237
1421 2161
1422 1101
1422 1822
1422 1160
1422 1865
1422 3458
1422 208
1422 1521
1423 3229
1423 1113
1423 1419
1423 2963
1424 1592
1424 1143
1424 1101
1424 1692
1424 1793
1425 2079
1425 1126
1425 1456
1425 1146
1425 1795
1426 1113
1426 1795
1426 1914
1426 1507
1426 2089
1427 1129
1427 1189
1427 2037
1427 2436
1427 1619
1428 1131
1428 1139
1428 1783
1428 536
1428 2930
1429 1850
1429 2054
1429 1134
1429 2739
1430 1519
1430 1134
1430 3139
1430 1455
1430 3072
1430 2676
1430 1083
1430 1627
1431 1135
1431 1531
1431 3002
1431 2079
1432 1139
1432 1762
1432 1781
1432 2239
1432 2298
1432 2453
1432 530
1432 830
1432 1163
1432 1348
1432 3253
1432 3321
1432 3395
1432 3437
1433 1141
1433 302
1433 2549
1433 1137
1433 1437
1434 1350
1434 1465
1434 1595
1434 2925
1434 1141
1434 593
1435 1152
1435 1118
1435 2815
1436 1153
1436 598
1436 3256
1436 1877
1436 1471
1436 1235
1437 1154
1437 1621
1437 271
1437 643
1437 3472
1437 1457
1437 1296
1438 1153
1438 2033
1438 2219
1438 3123
1438 2040
1439 1155
1439 2861
1439 1629
1439 2030
1439 1633
1440 2427
1440 1163
1440 1166
1440 2856
1440 1776
1441 1168
1441 1630
1441 3298
1441 1177
1441 1272
1442 1172
1442 1429
1442 2991
1442 2543
1442 2552
1442 2825
1443 1178
1443 1183
1443 1226
1443 1228
1443 1549
1444 1185
1444 1887
1444 3377
1445 2582
1445 1187
1445 2338
1445 1346
1445 2240
1446 1778
1446 1796
1446 1194
1446 1827
1446 1894
1446 2196
1446 1986
1447 599
1447 1195
1447 662
1447 3051
1448 1196
1448 2172
1448 504
1448 1251
1449 1203
1449 2992
1449 3252
1449 1868
1449 2255
1450 1576
1450 1211
1450 1269
1450 1480
1450 2355
1450 2560
1450 2989
1451 1226
1451 2977
1451 3370
1451 2012
1451 2066
1451 2201
1452 1226
1452 1228
1452 1519
1452 1543
1452 1770
1453 1234
1453 2253
1453 2324
1453 3124
1454 1955
1454 2536
1454 1597
1454 2535
1454 1241
1454 3344
1455 1525
1455 1246
1455 2809
1456 1731
1456 1260
1456 2210
1456 1962
1456 2195
1457 1262
1457 752
1457 3244
1458 1265
1458 1476
1458 1110
1458 1175
1458 3081
1459 1268
1459 2131
1459 2826
1459 2206
1459 2154
1460 1268
1460 1355
1460 1559
1460 3221
1460 1828
1461 1896
1461 1281
1461 2156
1461 1962
1461 2195
1461 3470
1462 138
1462 1481
1462 1290
1462 1141
1463 2601
1463 1648
1463 1294
1463 2850
1464 1350
1464 1307
1464 2183
1464 2006
1464 1952
1465 1304
1465 1450
1465 1828
1465 1747
1465 1798
1466 1304
1466 1450
1466 1507
1466 1944
1466 2089
1467 1314
1467 2098
1467 3356
1467 3394
1468 1968
1468 1314
1468 1775
1468 1850
1468 2054
1469 1314
1469 930
1469 950
1469 3116
1469 1621
1470 1436
1470 1319
1470 1868
1470 1962
1470 2195
1471 1915
1471 2238
1471 2241
1471 1932
1471 1320
1472 1322
1473 2156
1473 3011
1473 1359
1473 3249
1474 1905
1474 3329
1474 1500
1474 2962
1474 1364
1474 2130
1475 1369
1475 2902
1475 2892
1476 2603
1476 1377
1476 2914
1476 3028
1476 3030
1477 1496
1477 2014
1477 2010
1477 1389
1477 2005
1478 1396
1478 2996
1478 1455
1478 2545
1478 1494
1478 2147
1479 1754
1479 1396
1479 1582
1479 1253
1479 2210
1479 616
1479 1519
1480 1685
1480 2173
1480 1741
1480 1440
1480 2147
1481 1442
1481 3097
1481 3473
1481 3416
1481 3448
1482 1760
1482 1782
1482 3022
1482 3354
1482 3242
1482 1462
1482 3425
1483 1468
1483 2372
1483 3468
1483 2197
1484 2192
1484 3460
1484 1471
1484 1917
1484 1094
1485 1627
1485 266
1485 2436
1485 1129
1485 1471
1485 1893
1486 1472
1486 2103
1486 3235
1486 2201
1486 2726
1487 1478
1487 1988
1487 2259
1487 237
1487 353
1488 2708
1488 3035
1488 1494
1488 2996
1488 3022
1488 1643
1488 2997
1489 1500
1489 1527
1489 230
1489 3329
1489 3368
1490 1503
1490 1503
1490 1503
1490 1503
1490 1503
1490 1503
1490 1503
1490 1505
1491 1503
1491 1503
1491 1503
1491 1503
1491 1503
1491 1503
1491 1509
1492 2966
1492 1515
1492 2262
1492 1992
1493 1519
1493 535
1493 614
1493 1080
1493 1131
1494 1958
1494 2210
1494 1640
1494 1521
1494 2623
1495 1668
1495 2894
1495 1521
1495 1953
1496 2196
1496 3194
1496 1533
1496 2829
1496 3009
1496 3184
1497 1542
1497 1896
1497 786
1497 3227
1497 3282
1497 3443
1498 1555
1498 1438
1498 2253
1498 1720
1498 1868
1499 1563
1499 2821
1499 2852
1500 2886
1500 1597
1500 3077
1501 1744
1501 3374
1501 3047
1501 1597
1502 1598
1502 1666
1502 937
1502 942
1502 2670
1502 2673
1502 1016
1503 3367
1503 1760
1503 1599
1503 2650
1503 2396
1504 1605
1504 1738
1504 1753
1504 1803
1504 3268
1505 1613
1506 1704
1506 2202
1506 1639
1506 2664
1506 2693
1507 2703
1507 1640
1507 2775
1508 1133
1508 1651
1508 2684
1508 1783
1508 684
1509 1695
1509 1655
1509 2061
1509 539
1509 2689
1509 1805
1509 3292
1510 1665
1510 724
1510 905
1510 2653
1510 961
1510 1500
1510 1632
1511 1666
1511 940
1511 948
1511 3090
1511 2249
1512 1713
1512 1800
1512 1801
1512 2611
1512 3444
1513 1714
1513 2888
1513 2972
1513 2889
1513 2899
1514 1759
1514 3334
1514 3456
1514 1534
1515 1769
1515 1860
1515 1989
1515 2038
1515 3438
1515 2136
1516 1775
1516 3209
1517 2180
1517 2158
1517 1800
1517 1801
1517 2227
1518 2716
1518 1831
1518 1965
1518 3409
1518 2002
1518 3375
1519 1832
1519 3363
1519 2099
1519 2102
1519 2181
1520 599
1520 770
1520 3366
1520 568
1520 1871
1521 2186
1521 1925
1521 1962
1521 2100
1521 1962
1521 2100
1521 1961
1522 1962
1522 2100
1522 2082
1522 3347
1522 2999
1523 2032
1523 2336
1523 1991
1524 2036
1524 2411
1524 2795
1524 1234
1524 2912
1525 2312
1525 1026
1525 142
1525 2066
1525 58
1525 53
1526 2144
1526 2148
1526 2212
1526 2228
1526 2146
1527 2187
1527 1366
1527 2889
1527 2897
1527 2900
1528 26
1528 252
1528 1723
1528 3207
1529 2569
1529 2569
1529 142
1529 2312
1529 2939
1530 2301
1530 2705
1530 2438
1531 2305
1531 2306
1531 2307
1531 2310
1531 2434
1532 2308
1532 1912
1532 3333
1532 3334
1532 1921
1533 2391
1533 2662
1533 296
1533 1048
1533 2117
1534 365
1534 3027
1534 2602
1534 2358
1535 2369
1535 2518
1536 2374
1536 3026
1536 3029
1536 3028
1537 2378
1537 2387
1537 2974
1537 3248
1538 2378
1538 2379
1538 2385
1538 2974
1538 2975
1539 2890
1539 381
1539 625
1539 902
1539 1285
1540 2405
1540 2574
1540 2575
1540 3303
1541 2433
1541 2580
1541 2599
1542 2442
1542 2617
1542 3195
1542 3198
1542 3440
1542 3365
1543 1106
1543 1845
1543 2445
1543 2084
1543 2208
1544 629
1544 2492
1544 2722
1545 634
1545 640
1545 714
1545 2548
1546 2498
1546 2757
1546 1933
1546 2742
1547 654
1547 2904
1548 3150
1548 692
1548 2554
1548 1185
1549 2541
1549 2522
1549 728
1549 3086
1550 2524
1550 2730
1551 2558
1552 2570
1553 2597
1553 2588
1553 2946
1554 844
1554 1872
1555 2599
1555 2719
1556 1198
1556 1615
1556 2621
1556 2667
1556 2694
1556 3089
1557 2642
1557 2675
1557 1010
1557 1185
1558 2655
1558 945
1558 2988
1558 3432
1559 937
1559 942
1559 2670
1559 950
1559 1016
1560 3224
1560 1104
1561 2885
1561 2898
1561 3335
1562 2886
1563 2886
1563 2901
1563 2907
1563 2888
1564 2970
1565 2972
1565 3031
1566 3001
1567 3121
1568 3328
1568 1703
